STEP	C1	C2	C3	C4	C5	C6	C7	C8	
1	1.3	1.3	1.3	1.3	1.3	1.3	1.3	1.3	
2	1.2	1.2	1.2	1.2	2.3	1.3	1.2	1.2	
3	1.2	1.2	1.2	1.2	2.3	1.3	1.2	1.2	
4	1.2	1.2	1.2	1.2	2.3	1.3	1.2	1.2	
5	1.2	1.2	1.2	1.2	2.2	1.3	1.2	1.2	
6	1.1	1.1	1.1	1.1	2.1	1.3	1.1	1.1	
7	1.1	1.1	1.1	1.1	2.1	1.3	1.1	1.1	
8	1.0	1.0	1.0	1.0	3.1	1.3	1.0	1.0	
9	1.0	1.0	1.0	1.0	3.1	1.3	1.0	1.0	
10	1.0	1.0	1.0	1.0	3.1	1.3	1.0	1.0	
11	1.0	1.0	1.0	1.0	3.0	1.3	1.0	1.0	
12	1.0	1.0	1.0	1.0	2.9	1.3	1.0	1.0	
13	1.0	1.0	1.0	1.0	3.9	1.3	1.0	1.0	
14	1.0	1.0	1.0	1.0	3.9	1.3	1.0	1.0	
15	1.0	1.0	1.0	1.0	3.9	1.3	1.0	1.0	
16	1.0	1.0	1.0	1.0	3.9	1.3	1.0	1.0	
17	1.0	1.0	1.0	1.0	3.7	1.3	1.0	1.0	
18	1.0	1.0	1.0	1.0	3.7	1.3	1.0	1.0	
19	1.0	1.0	1.0	1.0	4.7	1.3	1.0	1.0	
20	1.0	1.0	1.0	1.0	5.0	1.3	1.0	1.0	
21	1.0	1.0	1.0	1.0	5.0	1.3	1.0	1.0	
22	1.0	1.0	1.0	1.0	4.9	1.3	1.0	1.0	
23	1.0	1.0	1.0	1.0	4.9	1.3	1.0	1.0	
24	1.0	1.0	1.0	1.0	4.9	1.3	1.0	1.0	
25	1.0	1.0	1.0	1.0	5.0	1.3	1.0	1.0	
26	1.0	1.0	1.0	1.0	5.0	1.3	1.0	1.0	
27	1.0	1.0	1.0	1.0	5.0	1.3	1.0	1.0	
28	1.0	1.0	1.0	1.0	4.9	1.3	1.0	1.0	
29	1.0	1.0	1.0	1.0	4.9	1.3	1.0	1.0	
30	1.0	1.0	1.0	1.0	5.0	1.3	1.0	1.0	
31	1.0	1.0	1.0	1.0	4.9	1.3	1.0	1.0	
32	1.0	1.0	1.0	1.0	4.9	1.3	1.0	1.0	
33	1.0	1.0	1.0	1.0	4.8	1.3	1.0	1.0	
34	1.0	1.0	1.0	1.0	4.7	1.3	1.0	1.0	
35	1.0	1.0	1.0	1.0	4.7	1.3	1.0	1.0	
36	1.0	1.0	1.0	1.0	4.6	1.3	1.0	1.0	
37	1.0	1.0	1.0	1.0	4.6	1.3	1.0	1.0	
38	1.0	1.0	1.0	1.0	4.6	1.3	1.0	1.0	
39	1.0	1.0	1.0	1.0	4.5	1.3	1.0	1.0	
40	1.0	1.0	1.0	1.0	4.5	1.3	1.0	1.0	
41	1.0	1.0	1.0	1.0	4.5	1.3	1.0	1.0	
42	1.0	1.0	1.0	1.0	5.0	1.3	1.0	1.0	
43	1.0	1.0	1.0	1.0	5.0	1.3	1.0	1.0	
44	1.0	1.0	1.0	1.0	5.0	1.3	1.0	1.0	
45	1.0	1.0	1.0	1.0	4.9	1.3	1.0	1.0	
46	1.0	1.0	1.0	1.0	4.9	1.3	1.0	1.0	
47	1.0	1.0	1.0	1.0	5.0	1.3	1.0	1.0	
48	1.0	1.0	1.0	1.0	5.0	1.3	1.0	1.0	
49	1.0	1.0	1.0	1.0	5.0	1.3	1.0	1.0	
50	1.0	1.0	1.0	1.0	4.9	1.3	1.0	1.0	
51	1.0	1.0	1.0	1.0	4.9	1.3	1.0	1.0	
52	1.0	1.0	1.0	1.0	4.9	1.3	1.0	1.0	
53	1.0	1.0	1.0	1.0	5.0	1.3	1.0	1.0	
54	1.0	1.0	1.0	1.0	5.0	1.3	1.0	1.0	
55	1.0	1.0	1.0	1.0	4.9	1.3	1.0	1.0	
56	1.0	1.0	1.0	1.0	4.8	1.3	1.0	1.0	
57	1.0	1.0	1.0	1.0	4.8	1.3	1.0	1.0	
58	1.0	1.0	1.0	1.0	4.8	1.3	1.0	1.0	
59	1.0	1.0	1.0	1.0	5.0	1.3	1.0	1.0	
60	1.0	1.0	1.0	1.0	5.0	1.3	1.0	1.0	
61	1.0	1.0	1.0	1.0	5.0	1.3	1.0	1.0	
62	1.0	1.0	1.0	1.0	4.9	1.3	1.0	1.0	
63	1.0	1.0	1.0	1.0	4.9	1.3	1.0	1.0	
64	1.0	1.0	1.0	1.0	4.9	1.3	1.0	1.0	
65	1.0	1.0	1.0	1.0	5.0	1.3	1.0	1.0	
66	1.0	1.0	1.0	1.0	5.0	1.3	1.0	1.0	
67	1.0	1.0	1.0	1.0	4.9	1.3	1.0	1.0	
68	1.0	1.0	1.0	1.0	4.8	1.3	1.0	1.0	
69	1.0	1.0	1.0	1.0	4.7	1.3	1.0	1.0	
70	1.0	1.0	1.0	1.0	5.0	1.3	1.0	1.0	
71	1.0	1.0	1.0	1.0	5.0	1.3	1.0	1.0	
72	1.0	1.0	1.0	1.0	5.0	1.3	1.0	1.0	
73	1.0	1.0	1.0	1.0	4.9	1.3	1.0	1.0	
74	1.0	0.9	0.9	1.0	4.8	1.3	0.9	2.0	
75	1.0	0.9	0.9	1.0	4.8	1.3	0.9	2.0	
76	1.0	0.9	0.9	1.0	5.0	1.3	0.9	1.9	
77	1.0	0.9	0.9	1.0	5.0	1.3	0.9	1.9	
78	1.0	0.9	0.9	0.9	5.0	1.3	0.9	1.9	
79	1.0	0.9	0.9	0.9	4.9	1.3	0.9	1.9	
80	0.9	0.9	0.9	0.9	4.9	1.3	0.9	1.9	
81	0.9	0.9	0.9	0.9	5.0	1.3	0.9	1.9	
82	0.9	0.9	0.9	0.9	5.0	1.3	0.9	1.8	
83	0.9	0.9	0.9	0.9	5.0	1.3	0.9	1.8	
84	0.9	0.9	0.9	0.9	5.0	1.3	0.9	1.8	
85	0.9	0.9	0.9	0.9	4.9	1.3	0.9	1.8	
86	0.9	0.9	0.9	0.9	4.9	1.3	0.9	1.8	
87	0.9	0.9	0.9	0.9	5.0	1.3	0.9	1.7	
88	0.9	0.9	0.9	0.9	4.9	1.3	0.9	1.6	
89	0.9	0.9	0.9	0.9	4.9	1.3	0.9	1.6	
90	0.9	0.9	0.9	0.9	4.8	1.3	0.9	1.6	
91	0.9	0.9	0.9	0.9	4.8	1.3	0.9	1.6	
92	0.9	0.9	0.9	0.9	4.8	1.3	0.9	1.6	
93	0.9	0.9	0.9	0.9	4.9	1.3	0.9	2.6	
94	0.9	0.9	0.9	0.9	4.9	1.3	0.9	2.6	
95	0.9	0.9	0.9	0.9	4.8	1.3	0.9	2.5	
96	0.9	0.9	0.9	0.9	4.8	1.3	0.9	2.4	
97	0.9	0.9	0.9	0.9	4.7	1.3	0.9	2.4	
98	0.9	0.9	0.9	0.9	5.0	1.3	0.9	2.3	
99	0.9	0.9	0.9	0.9	5.0	1.3	0.9	2.3	
100	0.9	0.9	0.9	0.9	5.0	1.3	0.9	2.3	
101	0.9	0.9	0.9	0.9	4.9	1.3	0.9	2.3	
102	0.9	0.9	0.9	0.9	4.9	1.3	0.9	2.3	
103	0.9	0.9	0.9	0.9	4.9	1.3	0.9	2.3	
104	0.9	0.9	0.9	0.9	5.0	1.3	0.9	2.2	
105	0.9	0.9	0.9	0.9	5.0	1.3	0.9	2.2	
106	0.9	0.9	0.9	0.9	5.0	1.3	0.9	2.2	
107	0.9	0.9	0.9	0.9	4.9	1.3	0.9	2.1	
108	0.9	0.9	0.9	0.9	4.9	1.3	0.9	2.1	
109	0.9	0.9	0.9	0.9	4.9	1.3	0.9	2.1	
110	0.9	0.9	0.9	0.9	5.0	1.3	0.9	2.0	
111	0.9	0.9	0.9	0.9	5.0	1.3	0.9	2.0	
112	0.9	0.9	0.9	0.9	4.9	1.3	0.9	3.0	
113	0.9	0.9	0.9	0.9	4.8	1.3	0.9	3.0	
114	0.9	0.9	0.9	0.9	4.8	1.3	0.9	2.9	
115	0.9	0.9	0.9	0.9	5.0	1.3	0.9	2.9	
116	0.9	0.9	0.9	0.9	5.0	1.3	0.9	2.8	
117	0.9	0.9	0.9	0.9	5.0	1.3	0.9	2.8	
118	0.9	0.9	0.9	0.9	4.9	1.3	0.9	2.8	
119	0.9	0.9	0.9	0.9	4.9	1.3	0.9	2.8	
120	0.9	0.9	0.9	0.9	4.9	1.3	0.9	2.8	
121	0.9	0.9	0.9	0.9	5.0	1.3	0.9	2.7	
122	0.9	0.9	0.9	0.9	5.0	1.3	0.9	2.7	
123	0.9	0.9	0.9	0.9	5.0	1.3	0.9	2.7	
124	0.9	0.9	0.9	0.9	4.9	1.3	0.9	2.7	
125	0.9	0.9	0.9	0.9	4.8	1.3	0.9	2.6	
126	0.9	0.9	0.9	0.9	4.7	1.3	0.9	2.5	
127	0.9	0.9	0.9	0.9	5.0	1.3	0.9	2.4	
128	0.9	0.9	0.9	0.9	5.0	1.3	0.9	2.4	
129	0.9	0.9	0.9	0.9	4.9	1.3	0.9	2.4	
130	0.9	0.9	0.9	0.9	4.9	1.3	0.9	2.4	
131	0.9	0.9	0.9	0.9	4.8	1.3	0.9	3.4	
132	0.9	0.9	0.9	0.9	5.0	1.3	0.9	3.3	
133	0.9	0.9	0.9	0.9	5.0	1.3	0.9	3.2	
134	0.9	0.9	0.9	0.9	5.0	1.3	0.9	3.2	
135	0.9	0.9	0.9	0.9	4.9	1.3	0.9	3.2	
136	0.9	0.9	0.9	0.9	4.9	1.3	0.9	3.2	
137	0.9	0.9	0.9	0.9	4.9	1.3	0.9	3.2	
138	0.9	0.9	0.9	0.9	5.0	1.3	0.9	3.1	
139	0.9	0.9	0.9	0.9	5.0	1.3	0.9	3.1	
140	0.9	0.9	0.9	0.9	5.0	1.3	0.9	3.1	
141	0.9	0.9	0.9	0.9	4.9	1.3	0.9	3.1	
142	0.9	0.9	0.9	0.9	4.9	1.3	0.9	3.1	
143	0.9	0.9	0.9	0.9	5.0	1.3	0.9	3.0	
144	0.9	0.9	0.9	0.9	5.0	1.3	0.9	3.0	
145	0.9	0.9	0.9	0.9	4.9	1.3	0.9	2.9	
146	0.9	0.9	0.9	0.9	4.8	1.3	0.9	2.9	
147	0.9	0.9	0.9	0.9	4.8	1.3	0.9	2.9	
148	0.9	0.9	0.9	0.9	4.8	1.3	0.9	2.9	
149	0.9	0.9	0.9	0.9	5.0	1.3	0.9	2.9	
150	0.9	0.9	0.9	0.9	4.9	1.3	0.9	3.9	
151	0.9	0.9	0.9	0.9	4.9	1.3	0.9	3.9	
152	0.9	0.9	0.9	0.9	4.8	1.3	0.9	3.8	
153	0.9	0.9	0.9	0.9	4.7	1.3	0.9	3.7	
154	0.9	0.9	0.9	0.9	4.7	1.3	0.9	3.7	
155	0.9	0.9	0.9	0.9	5.0	1.3	0.9	3.6	
156	0.9	0.9	0.9	0.9	5.0	1.3	0.9	3.6	
157	0.9	0.9	0.9	0.9	5.0	1.3	0.9	3.6	
158	0.9	0.9	0.9	0.9	4.9	1.3	0.9	3.6	
159	0.9	0.9	0.9	0.9	4.9	1.3	0.9	3.6	
160	0.9	0.9	0.9	0.9	5.0	1.3	0.9	3.6	
161	0.9	0.9	0.9	0.9	5.0	1.3	0.9	3.5	
162	0.9	0.9	0.9	0.9	5.0	1.3	0.9	3.5	
163	0.9	0.9	0.9	0.9	4.9	1.3	0.9	3.4	
164	0.9	0.9	0.9	0.9	4.9	1.3	0.9	3.4	
165	0.9	0.9	0.9	0.9	4.9	1.3	0.9	3.4	
166	0.9	0.9	0.9	0.9	5.0	1.3	0.9	3.3	
167	0.9	0.9	0.9	0.9	5.0	1.3	0.9	3.3	
168	0.9	0.9	0.9	0.9	5.0	1.3	0.9	4.3	
169	0.9	0.9	0.9	0.9	4.8	1.3	0.9	4.3	
170	0.9	0.9	0.9	0.9	4.8	1.3	0.9	4.3	
171	0.9	0.9	0.9	0.9	4.8	1.3	0.9	4.2	
172	0.9	0.9	0.9	0.9	5.0	1.3	0.9	4.1	
173	0.9	0.9	0.9	0.9	5.0	1.3	0.9	4.1	
174	0.9	0.9	0.9	0.9	4.9	1.3	0.9	4.1	
175	0.9	0.9	0.9	0.9	4.9	1.3	0.9	4.1	
176	0.9	0.9	0.9	0.9	4.9	1.3	0.9	4.1	
177	0.9	0.9	0.9	0.9	5.0	1.3	0.9	4.0	
178	0.9	0.9	0.9	0.9	5.0	1.3	0.9	4.0	
179	0.9	0.9	0.9	0.9	5.0	1.3	0.9	4.0	
180	0.9	0.9	0.9	0.9	4.9	1.3	0.9	4.0	
181	0.9	0.9	0.9	0.9	4.8	1.3	0.9	3.9	
182	0.9	0.9	0.9	0.9	4.7	1.3	0.9	3.8	
183	0.9	0.9	0.9	0.9	5.0	1.3	0.9	3.7	
184	0.9	0.9	0.9	0.9	5.0	1.3	0.9	3.7	
185	0.9	0.9	0.9	0.9	5.0	1.3	0.9	3.7	
186	0.9	0.9	0.9	0.9	4.9	1.3	0.9	3.7	
187	0.9	0.9	0.9	0.9	4.8	1.3	0.9	4.7	
188	0.9	0.9	0.9	0.9	5.0	1.3	0.9	4.6	
189	0.9	0.9	0.9	0.9	5.0	1.3	0.9	4.5	
190	0.9	0.9	0.9	0.9	5.0	1.3	0.9	4.5	
191	0.9	0.9	0.9	0.9	4.9	1.3	0.9	4.5	
192	0.9	0.9	0.9	0.9	4.9	1.3	0.9	4.5	
193	0.9	0.9	0.9	0.9	4.9	1.3	0.9	4.5	
194	0.9	0.9	0.9	0.9	5.0	1.3	0.9	4.4	
195	0.9	0.9	0.9	0.9	5.0	1.3	0.9	4.4	
196	0.9	0.9	0.9	0.9	5.0	1.3	0.9	4.4	
197	0.9	0.9	0.9	0.9	4.9	1.3	0.9	4.4	
198	0.9	0.9	0.9	0.9	4.9	1.3	0.9	4.4	
199	0.9	0.9	0.9	0.9	5.0	1.3	0.9	4.4	
200	0.9	0.9	0.9	0.9	5.0	1.3	0.9	4.3	
201	0.9	0.9	0.9	0.9	4.9	1.3	0.9	4.2	
202	0.9	0.9	0.9	0.9	4.8	1.3	0.9	4.2	
203	0.9	0.9	0.9	0.9	4.8	1.3	0.9	4.2	
204	0.9	0.9	0.9	0.9	4.8	1.3	0.9	4.2	
205	0.9	0.9	0.9	0.9	5.0	1.3	0.9	4.1	
206	0.9	0.9	0.9	0.9	4.9	1.3	0.9	5.0	
207	0.9	0.9	0.9	0.9	4.9	1.3	0.9	5.0	
208	0.9	0.9	0.9	0.9	4.8	1.3	0.9	4.9	
209	0.9	0.9	0.9	0.9	4.7	1.3	0.9	4.8	
210	0.9	0.9	0.9	0.9	4.7	1.3	0.9	4.8	
211	0.9	0.9	0.9	0.9	5.0	1.3	0.9	4.7	
212	0.9	0.9	0.9	0.9	5.0	1.3	0.9	4.7	
213	0.9	0.9	0.9	0.9	5.0	1.3	0.9	4.7	
214	0.9	0.9	0.9	0.9	4.9	1.3	0.9	4.7	
215	0.9	0.9	0.9	0.9	4.8	1.3	0.9	4.6	
216	0.9	0.9	0.9	0.9	4.8	1.3	0.9	4.6	
217	0.9	0.9	0.9	0.9	5.0	1.3	0.9	4.5	
218	0.9	0.9	0.9	0.9	5.0	1.3	0.9	4.5	
219	0.9	0.9	0.9	0.9	5.0	1.3	0.9	4.5	
220	0.9	0.9	0.9	0.9	4.9	1.3	0.9	4.4	
221	0.9	0.9	0.9	0.9	4.9	1.3	0.9	4.4	
222	0.9	0.9	0.9	0.9	5.0	1.3	0.9	4.3	
223	0.9	0.9	0.9	0.9	5.0	1.3	0.9	4.3	
224	0.9	0.9	0.9	0.9	5.0	1.3	0.9	4.3	
225	0.9	0.9	0.9	0.9	4.9	1.3	0.9	5.0	
226	0.9	0.9	0.9	0.9	4.9	1.3	0.9	5.0	
227	0.9	0.9	0.9	0.9	4.9	1.3	0.9	4.9	
228	0.9	0.9	0.9	0.9	5.0	1.3	0.9	4.8	
229	0.9	0.9	0.9	0.9	5.0	1.3	0.9	4.8	
230	0.9	0.9	0.9	0.9	5.0	1.3	0.9	4.8	
231	0.9	0.9	0.9	0.9	4.9	1.3	0.9	4.8	
232	0.9	0.9	0.9	0.9	4.9	1.3	0.9	4.8	
233	0.9	0.9	0.9	0.9	5.0	1.3	0.9	4.8	
234	0.9	0.9	0.9	0.9	5.0	1.3	0.9	4.7	
235	0.9	0.9	0.9	0.9	5.0	1.3	0.9	4.7	
236	0.9	0.9	0.9	0.9	5.0	1.3	0.9	4.7	
237	0.9	0.9	0.9	0.9	4.9	1.3	0.9	4.7	
238	0.9	0.9	0.9	0.9	4.8	1.3	0.9	4.7	
239	0.9	0.9	0.9	0.9	5.0	1.3	0.9	4.6	
240	0.9	0.9	0.9	0.9	5.0	1.3	0.9	4.5	
241	0.9	0.9	0.9	0.9	5.0	1.3	0.9	4.5	
242	0.9	0.9	0.9	0.9	4.9	1.3	0.9	4.5	
243	0.9	0.9	0.9	0.9	4.8	1.3	0.9	4.4	
244	0.9	0.9	0.9	0.9	4.7	1.3	0.9	5.0	
245	0.9	0.9	0.9	0.9	5.0	1.3	0.9	4.9	
246	0.9	0.9	0.9	0.9	5.0	1.3	0.9	4.8	
247	0.9	0.9	0.9	0.9	5.0	1.3	0.9	4.8	
248	0.9	0.9	0.9	0.9	4.9	1.3	0.9	4.8	
249	0.9	0.9	0.9	0.9	4.9	1.3	0.9	4.8	
250	0.9	0.9	0.9	0.9	4.9	1.3	0.9	4.8	
