STEP	C1	C2	C3	C4	C5	C6	C7	C8	
1	1.2	1.2	1.2	1.2	2.3	1.2	1.2	1.3	
2	1.2	1.2	1.2	1.2	2.3	1.2	1.2	1.3	
3	1.2	1.2	1.2	1.2	2.2	1.2	1.2	1.3	
4	1.2	1.2	1.2	1.2	2.2	1.2	1.2	1.3	
5	1.2	1.2	1.2	1.2	2.2	1.2	1.2	1.3	
6	1.2	1.2	1.2	1.1	2.2	1.2	2.2	1.3	
7	1.2	1.2	1.2	1.1	2.1	1.2	2.1	1.3	
8	1.1	1.2	1.2	1.1	2.1	1.2	2.1	1.3	
9	1.1	1.2	1.2	1.1	2.1	1.2	2.1	1.3	
10	1.1	1.1	2.2	1.1	2.0	2.1	2.1	1.3	
11	1.1	1.1	2.2	1.1	2.0	2.1	2.1	1.3	
12	1.1	1.1	2.2	1.0	2.0	2.1	3.1	1.3	
13	1.0	1.1	2.2	1.0	2.0	2.1	3.0	1.3	
14	1.0	1.1	2.2	1.0	2.0	2.1	3.0	1.3	
15	1.0	1.1	2.1	1.0	2.0	2.1	3.0	1.3	
16	1.0	2.1	2.1	1.0	2.0	2.0	3.0	1.3	
17	1.0	2.1	2.1	1.0	1.9	2.0	4.0	1.3	
18	1.0	2.0	3.1	1.0	1.9	2.0	3.9	1.3	
19	1.0	2.0	3.0	1.0	2.9	1.9	3.8	1.3	
20	1.0	2.0	3.0	1.0	2.9	1.9	3.8	1.3	
21	1.0	1.8	3.9	1.0	2.8	1.9	3.8	1.3	
22	1.0	1.8	3.9	1.0	2.8	1.9	3.8	1.3	
23	1.0	1.8	3.9	1.0	2.8	1.9	3.8	1.3	
24	1.0	1.8	3.9	1.0	2.8	1.9	3.8	1.3	
25	1.0	1.8	3.9	1.0	2.8	1.9	3.8	1.3	
26	1.0	1.8	3.8	1.0	2.8	1.8	3.8	1.3	
27	1.0	1.8	3.8	1.0	2.8	1.8	3.8	1.3	
28	1.0	1.8	3.8	1.0	2.7	1.8	4.8	1.3	
29	1.0	1.8	3.8	1.0	2.6	2.8	4.7	1.3	
30	1.0	1.8	3.8	1.0	2.6	2.8	4.7	1.3	
31	1.0	1.8	4.8	1.0	2.6	2.8	5.0	1.3	
32	1.0	1.7	4.8	1.0	2.6	2.8	4.9	1.3	
33	1.0	1.7	4.8	1.0	2.6	2.8	4.9	1.3	
34	1.0	2.7	4.8	1.0	2.6	2.7	4.9	1.3	
35	1.0	2.7	4.8	1.0	2.6	2.7	4.9	1.3	
36	1.0	2.6	5.0	1.0	2.6	2.7	4.9	1.3	
37	1.0	2.6	4.9	1.0	2.6	2.6	4.9	1.3	
38	1.0	2.6	4.9	1.0	3.6	2.5	4.9	1.3	
39	1.0	2.6	4.8	1.0	3.5	2.5	5.0	1.3	
40	1.0	2.6	4.8	1.0	3.4	2.5	4.9	1.3	
41	1.0	2.6	4.8	1.0	3.4	2.5	4.9	1.3	
42	1.0	2.5	5.0	1.0	3.4	2.5	4.9	1.3	
43	1.0	2.5	5.0	1.0	3.4	2.5	4.9	1.3	
44	1.0	2.4	4.9	1.0	3.4	2.5	4.9	1.3	
45	1.0	2.4	4.9	1.0	3.4	2.5	4.9	1.3	
46	1.0	2.4	4.9	1.0	3.4	2.5	4.9	1.3	
47	1.0	2.4	4.9	1.0	3.4	2.5	4.9	1.3	
48	1.0	2.4	4.8	1.0	3.3	3.4	4.9	1.3	
49	1.0	2.4	4.8	1.0	3.3	3.4	4.9	1.3	
50	1.0	2.4	4.8	1.0	3.2	3.4	5.0	1.3	
51	1.0	2.4	4.8	1.0	3.2	3.4	5.0	1.3	
52	1.0	2.4	4.8	1.0	3.2	3.4	4.9	1.3	
53	1.0	2.3	5.0	1.0	3.2	3.4	4.9	1.3	
54	1.0	3.3	5.0	1.0	3.2	3.3	4.9	1.3	
55	1.0	3.3	5.0	1.0	3.2	3.3	4.9	1.3	
56	1.0	3.2	5.0	1.0	3.2	3.3	4.9	1.3	
57	1.0	3.2	4.9	1.0	4.2	3.2	4.8	1.3	
58	1.0	3.2	4.9	1.0	4.2	3.2	4.8	1.3	
59	1.0	3.2	4.8	1.0	4.2	3.1	4.8	1.3	
60	1.0	3.2	4.8	1.0	4.1	3.1	4.8	1.3	
61	1.0	3.2	4.8	1.0	4.0	3.1	5.0	1.3	
62	1.0	3.2	4.8	1.0	4.0	3.1	4.9	1.3	
63	1.0	3.1	4.7	1.0	4.0	3.1	4.9	1.3	
64	1.0	3.0	5.0	1.0	4.0	3.1	4.9	1.3	
65	1.0	3.0	5.0	1.0	4.0	3.1	4.9	1.3	
66	1.0	3.0	5.0	1.0	4.0	3.1	4.9	1.3	
67	1.0	3.0	5.0	1.0	3.9	4.1	4.9	1.3	
68	1.0	3.0	5.0	1.0	3.9	4.1	4.9	1.3	
69	1.0	3.0	5.0	1.0	3.9	4.1	5.0	1.3	
70	1.0	3.0	4.9	1.0	3.9	4.0	5.0	1.3	
71	1.0	3.0	4.9	1.0	3.9	4.0	5.0	1.3	
72	1.0	3.0	4.9	1.0	3.8	4.0	5.0	1.3	
73	1.0	4.0	4.9	1.0	3.8	3.9	4.9	1.3	
74	1.0	4.0	4.9	1.0	3.8	3.9	4.9	1.3	
75	1.0	3.8	5.0	1.0	3.8	3.9	4.9	1.3	
76	1.0	3.8	5.0	1.0	4.8	3.8	4.9	1.3	
77	1.0	3.8	4.9	1.0	4.8	3.8	4.8	1.3	
78	1.0	3.8	4.9	1.0	4.8	3.8	4.8	1.3	
79	1.0	3.8	4.9	1.0	4.7	3.8	4.8	1.3	
80	1.0	3.8	4.9	1.0	4.7	3.7	4.8	1.3	
81	1.0	3.8	4.8	1.0	4.7	3.7	4.8	1.3	
82	1.0	3.7	4.7	1.0	4.7	3.7	5.0	1.3	
83	1.0	3.7	4.7	1.0	4.6	3.7	5.0	1.3	
84	1.0	3.7	4.7	1.0	4.6	3.7	4.9	1.3	
85	1.0	3.7	4.7	1.0	4.6	3.7	4.9	1.3	
86	1.0	3.6	5.0	1.0	4.5	4.7	4.9	1.3	
87	1.0	3.6	5.0	1.0	4.5	4.7	4.9	1.3	
88	1.0	3.6	5.0	1.0	4.5	4.7	5.0	1.3	
89	1.0	3.6	5.0	1.0	4.5	4.7	5.0	1.3	
90	1.0	3.6	5.0	1.0	4.5	4.7	4.9	1.3	
91	1.0	4.6	4.9	1.0	4.5	4.5	4.9	1.3	
92	1.0	4.6	4.9	1.0	4.5	4.5	4.9	1.3	
93	1.0	4.6	5.0	1.0	4.4	4.5	5.0	1.3	
94	1.0	4.5	5.0	1.0	4.4	4.5	5.0	1.3	
95	1.0	4.5	4.9	1.0	5.0	4.4	4.8	1.3	
96	1.0	4.5	5.0	1.0	5.0	4.4	4.8	1.3	
97	1.0	4.4	5.0	1.0	4.9	4.4	4.8	1.3	
98	1.0	4.4	5.0	1.0	4.9	4.4	4.8	1.3	
99	1.0	4.4	5.0	1.0	4.9	4.4	4.8	1.3	
100	1.0	4.3	4.9	1.0	4.9	4.4	4.8	1.3	
101	1.0	4.3	4.9	1.0	4.9	4.4	4.8	1.3	
102	1.0	4.3	4.8	1.0	4.9	4.3	4.8	1.3	
103	1.0	4.3	4.8	1.0	4.9	4.3	4.8	1.3	
104	1.0	4.3	4.8	1.0	4.8	4.3	5.0	1.3	
105	1.0	4.3	4.8	1.0	4.7	5.0	5.0	1.3	
106	1.0	4.3	4.8	1.0	4.7	5.0	4.9	1.3	
107	1.0	4.2	5.0	0.9	4.7	5.0	5.0	1.3	
108	1.0	4.2	5.0	0.9	4.7	5.0	4.9	1.3	
109	0.9	4.2	5.0	0.9	4.7	5.0	4.9	1.3	
110	0.9	5.0	5.0	0.9	4.7	4.9	4.9	1.3	
111	0.9	5.0	5.0	0.9	4.7	4.9	4.9	1.3	
112	0.9	4.9	5.0	0.9	4.7	4.9	4.9	1.3	
113	0.9	4.9	4.9	0.9	4.7	4.8	4.9	1.3	
114	0.9	4.9	4.8	0.9	5.0	4.7	4.8	1.3	
115	0.9	4.9	4.8	0.9	4.9	4.7	5.0	1.3	
116	0.9	4.9	4.8	0.9	4.8	4.7	4.9	1.3	
117	0.9	4.9	4.8	0.9	4.8	4.7	4.9	1.3	
118	0.9	4.8	5.0	0.9	4.8	4.7	4.9	1.3	
119	0.9	4.7	4.9	0.9	4.8	4.7	4.9	1.3	
120	0.9	4.7	4.9	0.9	4.8	4.7	4.9	1.3	
121	0.9	4.7	4.9	0.9	4.8	4.7	4.9	1.3	
122	0.9	4.7	4.9	0.9	4.8	4.7	4.9	1.3	
123	0.9	4.7	4.9	0.9	4.8	4.7	4.9	1.3	
124	0.9	4.7	4.8	0.9	4.7	5.0	4.9	1.3	
125	0.9	4.7	4.8	0.9	4.7	5.0	5.0	1.3	
126	0.9	4.7	4.8	0.9	4.6	5.0	5.0	1.3	
127	0.9	4.7	4.8	0.9	4.6	5.0	4.8	1.3	
128	0.9	4.7	4.8	0.9	4.6	5.0	4.8	1.3	
129	0.9	5.0	5.0	0.9	4.6	4.9	4.8	1.3	
130	0.9	5.0	5.0	0.9	4.6	4.9	4.8	1.3	
131	0.9	4.9	5.0	0.9	4.6	4.9	4.8	1.3	
132	0.9	4.9	5.0	0.9	4.6	4.9	4.8	1.3	
133	0.9	4.9	4.9	0.9	5.0	4.8	4.7	1.3	
134	0.9	4.9	4.8	0.9	5.0	4.7	4.7	1.3	
135	0.9	4.9	4.8	0.9	4.9	4.7	4.7	1.3	
136	0.9	4.9	4.8	0.9	4.8	4.7	5.0	1.3	
137	0.9	4.9	4.8	0.9	4.8	4.7	5.0	1.3	
138	0.9	4.8	4.7	0.9	4.8	4.7	4.9	1.3	
139	0.9	4.8	5.0	0.9	4.8	4.7	4.9	1.3	
140	0.9	4.7	5.0	0.9	4.8	4.7	4.9	1.3	
141	0.9	4.7	5.0	0.9	4.8	4.7	4.9	1.3	
142	0.9	4.7	5.0	0.9	4.8	5.0	4.9	1.3	
143	0.9	4.7	5.0	0.9	4.7	5.0	4.9	1.3	
144	0.9	4.7	5.0	0.9	4.7	5.0	5.0	1.3	
145	0.9	4.7	4.9	0.9	4.7	4.9	5.0	1.3	
146	0.9	4.7	4.9	0.9	4.7	4.9	4.9	1.3	
147	0.9	4.7	4.9	0.9	4.6	4.9	5.0	1.3	
148	0.9	5.0	4.9	0.9	4.6	4.8	5.0	1.3	
149	0.9	5.0	4.9	0.9	4.6	4.8	4.9	1.3	
150	0.9	4.9	5.0	0.9	4.6	4.8	4.9	1.3	
151	0.9	4.8	5.0	0.9	4.6	4.8	4.9	1.3	
152	0.9	4.8	4.9	0.9	5.0	4.7	4.8	1.3	
153	0.9	4.8	4.9	0.9	5.0	4.7	4.8	1.3	
154	0.9	4.8	4.9	0.9	4.9	4.7	4.8	1.3	
155	0.9	4.8	4.9	0.9	4.9	4.7	4.8	1.3	
156	0.9	4.8	4.8	0.9	4.9	4.6	4.8	1.3	
157	0.9	4.7	4.7	0.9	4.9	4.6	4.8	1.3	
158	0.9	4.7	4.7	0.9	4.8	4.6	5.0	1.3	
159	0.9	4.7	4.7	0.9	4.8	4.6	4.9	1.3	
160	0.9	4.7	4.7	0.9	4.8	4.6	4.9	1.3	
161	0.9	4.6	5.0	0.9	4.8	5.0	4.9	1.3	
162	0.9	4.6	5.0	0.9	4.7	5.0	4.9	1.3	
163	0.9	4.6	5.0	0.9	4.7	5.0	5.0	1.3	
164	0.9	4.6	5.0	0.9	4.7	5.0	5.0	1.3	
165	0.9	4.6	5.0	0.9	4.7	5.0	4.9	1.3	
166	0.9	4.6	5.0	0.9	4.7	5.0	4.9	1.3	
167	0.9	5.0	4.9	0.9	4.7	4.9	4.9	1.3	
168	0.9	5.0	4.9	0.9	4.7	4.9	5.0	1.3	
169	0.9	4.9	5.0	0.9	4.6	4.9	5.0	1.3	
170	0.9	4.9	5.0	0.9	5.0	4.9	4.9	1.3	
171	0.9	4.9	4.9	0.9	5.0	4.8	4.8	1.3	
172	0.9	4.8	5.0	0.9	5.0	4.8	4.8	1.3	
173	0.9	4.8	5.0	0.9	4.9	4.8	4.8	1.3	
174	0.9	4.8	5.0	0.9	4.9	4.8	4.8	1.3	
175	0.9	4.8	5.0	0.9	4.9	4.8	4.8	1.3	
176	0.9	4.7	4.9	0.9	4.9	4.8	4.8	1.3	
177	0.9	4.7	4.8	0.9	4.9	4.7	4.8	1.3	
178	0.9	4.7	4.8	0.9	4.9	4.7	4.8	1.3	
179	0.9	4.7	4.8	0.9	4.8	4.7	5.0	1.3	
180	0.9	4.7	4.8	0.9	4.7	5.0	5.0	1.3	
181	0.9	4.7	4.8	0.9	4.7	5.0	4.9	1.3	
182	0.9	4.7	5.0	0.9	4.7	5.0	5.0	1.3	
183	0.9	4.6	5.0	0.9	4.7	5.0	5.0	1.3	
184	0.9	4.6	5.0	0.9	4.7	5.0	4.9	1.3	
185	0.9	5.0	5.0	0.9	4.7	5.0	4.9	1.3	
186	0.9	5.0	5.0	0.9	4.7	4.9	4.9	1.3	
187	0.9	5.0	5.0	0.9	4.7	4.9	4.9	1.3	
188	0.9	4.9	4.9	0.9	4.7	4.8	4.9	1.3	
189	0.9	4.9	4.8	0.9	5.0	4.7	4.8	1.3	
190	0.9	4.9	4.8	0.9	4.9	4.7	5.0	1.3	
191	0.9	4.9	4.8	0.9	4.8	4.7	4.9	1.3	
192	0.9	4.9	4.8	0.9	4.8	4.7	4.9	1.3	
193	0.9	4.8	5.0	0.9	4.8	4.7	4.9	1.3	
194	0.9	4.7	4.9	0.9	4.8	4.7	4.9	1.3	
195	0.9	4.7	4.9	0.9	4.8	4.7	4.9	1.3	
196	0.9	4.7	4.9	0.9	4.8	4.7	4.9	1.3	
197	0.9	4.7	4.9	0.9	4.8	4.7	4.9	1.3	
198	0.9	4.7	4.9	0.9	4.8	4.6	4.9	1.3	
199	0.9	4.7	4.8	0.9	4.7	5.0	4.9	1.3	
200	0.9	4.7	4.8	0.9	4.6	5.0	5.0	1.3	
201	0.9	4.7	4.8	0.9	4.6	5.0	5.0	1.3	
202	0.9	4.7	4.8	0.9	4.6	5.0	4.8	1.3	
203	0.9	4.7	4.8	0.9	4.6	5.0	4.8	1.3	
204	0.9	5.0	5.0	0.9	4.6	4.9	4.8	1.3	
205	0.9	5.0	5.0	0.9	4.6	4.9	4.8	1.3	
206	0.9	4.9	5.0	0.9	4.6	4.9	4.8	1.3	
207	0.9	4.9	5.0	0.9	4.6	4.9	4.8	1.3	
208	0.9	4.9	4.9	0.9	5.0	4.8	4.7	1.3	
209	0.9	4.9	4.8	0.9	5.0	4.7	4.7	1.3	
210	0.9	4.9	4.8	0.9	4.9	4.7	4.7	1.3	
211	0.9	4.9	4.8	0.9	4.8	4.7	5.0	1.3	
212	0.9	4.9	4.8	0.9	4.8	4.7	5.0	1.3	
213	0.9	4.8	4.7	0.9	4.8	4.7	4.9	1.3	
214	0.9	4.8	4.7	0.9	4.8	4.7	4.9	1.3	
215	0.9	4.7	5.0	0.9	4.8	4.7	4.9	1.3	
216	0.9	4.7	5.0	0.9	4.8	4.7	4.9	1.3	
217	0.9	4.7	5.0	0.9	4.8	4.7	4.9	1.3	
218	0.9	4.7	5.0	0.9	4.7	5.0	4.9	1.3	
219	0.9	4.7	5.0	0.9	4.7	5.0	4.9	1.3	
220	0.9	4.7	4.9	0.9	4.7	4.9	5.0	1.3	
221	0.9	4.7	4.9	0.9	4.7	4.9	4.9	1.3	
222	0.9	4.7	4.9	0.9	4.6	4.9	5.0	1.3	
223	0.9	5.0	4.9	0.9	4.6	4.8	5.0	1.3	
224	0.9	5.0	4.9	0.9	4.6	4.8	4.9	1.3	
225	0.9	4.9	5.0	0.9	4.6	4.8	4.9	1.3	
226	0.9	4.8	5.0	0.9	4.6	4.8	4.9	1.3	
227	0.9	4.8	4.9	0.9	5.0	4.7	4.8	1.3	
228	0.9	4.8	4.9	0.9	5.0	4.7	4.8	1.3	
229	0.9	4.8	4.9	0.9	4.9	4.7	4.8	1.3	
230	0.9	4.8	4.9	0.9	4.9	4.7	4.8	1.3	
231	0.9	4.8	4.8	0.9	4.9	4.6	4.8	1.3	
232	0.9	4.7	4.7	0.9	4.9	4.6	4.8	1.3	
233	0.9	4.7	4.7	0.9	4.8	4.6	5.0	1.3	
234	0.9	4.7	4.7	0.9	4.8	4.6	5.0	1.3	
235	0.9	4.7	4.7	0.9	4.8	4.6	4.9	1.3	
236	0.9	4.6	5.0	0.9	4.8	4.6	4.9	1.3	
237	0.9	4.6	5.0	0.9	4.7	5.0	4.9	1.3	
238	0.9	4.6	5.0	0.9	4.7	5.0	4.9	1.3	
239	0.9	4.6	5.0	0.8	4.7	5.0	5.0	1.3	
240	0.8	4.6	5.0	0.8	4.7	5.0	4.9	1.3	
241	0.8	4.6	5.0	0.8	4.7	5.0	4.9	1.3	
242	0.8	5.0	4.9	0.8	4.7	4.8	4.9	1.3	
243	0.8	5.0	4.9	0.8	4.7	4.8	4.9	1.3	
244	0.8	4.9	5.0	0.8	4.6	4.8	5.0	1.3	
245	0.8	4.9	5.0	0.8	4.6	4.8	4.9	1.3	
246	0.8	4.9	4.9	0.8	5.0	4.7	4.8	1.3	
247	0.8	4.8	5.0	0.8	5.0	4.7	4.8	1.3	
248	0.8	4.8	5.0	0.8	4.9	4.7	4.8	1.3	
249	0.8	4.8	5.0	0.8	4.9	4.7	4.8	1.3	
250	0.8	4.8	5.0	0.8	4.9	4.7	4.8	1.3	
