系统参数：	
NodeNum:	 ObjectNum:	 Strength_Init:	 Strength_Inc:	 Strength_Ratio:	概率阈值:	 消息概率:	 通信方式:	
 8	 5	 1.30	 1.00	 0.10	 1.00	 0.01	 1	
**************************************************	
Fri Jan 02 17:19:21 2015
	
时间	瞬时通信代价	
0	44.9	
1	51.6	
2	6.9	
3	0.6	
4	6.3	
5	13.2	
6	7.7	
7	0.7	
8	0.0	
9	12.9	
10	1.1	
11	13.4	
12	0.6	
13	7.0	
14	6.8	
15	13.3	
16	7.7	
17	2.8	
18	0.3	
19	0.0	
20	0.0	
21	15.4	
22	13.4	
23	1.1	
24	0.0	
25	0.0	
26	2.8	
27	0.2	
28	11.3	
29	1.7	
30	0.9	
31	0.1	
32	0.0	
33	8.8	
34	0.2	
35	3.0	
36	0.0	
37	2.7	
38	11.1	
39	0.2	
40	0.0	
41	0.0	
42	0.0	
43	4.5	
44	1.5	
45	4.0	
46	0.0	
47	0.9	
48	0.1	
49	4.5	
50	6.4	
51	3.0	
52	0.1	
53	1.8	
54	3.1	
55	2.8	
56	3.3	
57	4.9	
58	0.1	
59	2.7	
60	0.3	
61	6.3	
62	5.5	
63	1.1	
64	0.1	
65	3.8	
66	2.9	
67	0.3	
68	0.0	
69	2.0	
70	3.0	
71	5.4	
72	3.3	
73	0.3	
74	2.7	
75	4.8	
76	0.5	
77	0.0	
78	7.4	
79	0.6	
80	1.0	
81	2.0	
82	3.0	
83	0.0	
84	2.0	
85	2.9	
86	3.0	
87	0.1	
88	2.9	
89	2.0	
90	2.9	
91	2.9	
92	2.1	
93	3.0	
94	2.1	
95	0.1	
96	1.0	
97	1.9	
98	3.0	
99	2.1	
100	1.8	
101	3.0	
102	0.2	
103	0.0	
104	1.8	
105	7.8	
106	3.1	
107	5.2	
108	0.1	
109	0.0	
110	2.9	
111	2.8	
112	3.2	
113	3.9	
114	0.2	
115	0.0	
116	1.8	
117	5.0	
118	0.2	
119	1.9	
120	0.1	
121	2.8	
122	4.8	
123	6.0	
124	0.4	
125	0.0	
126	0.0	
127	0.0	
128	7.4	
129	0.6	
130	2.8	
131	0.2	
132	0.0	
133	2.7	
134	3.0	
135	8.0	
136	0.3	
137	0.0	
138	2.8	
139	0.2	
140	6.5	
141	3.3	
142	0.2	
143	0.0	
144	0.0	
145	2.7	
146	4.8	
147	4.5	
148	0.0	
149	2.7	
150	2.1	
151	2.0	
152	0.2	
153	1.8	
154	0.2	
155	2.7	
156	4.0	
157	2.1	
158	2.9	
159	3.3	
160	0.0	
161	0.0	
162	6.4	
163	3.3	
164	1.3	
165	4.5	
166	0.5	
167	0.0	
168	2.7	
169	3.3	
170	0.0	
171	3.0	
172	7.3	
173	3.4	
174	0.3	
175	1.8	
176	0.2	
177	4.5	
178	5.0	
179	0.5	
180	1.0	
181	0.0	
182	1.8	
183	3.2	
184	3.0	
185	2.7	
186	0.3	
187	0.0	
188	2.7	
189	4.8	
190	3.2	
191	4.9	
192	0.4	
193	0.0	
194	1.8	
195	3.2	
196	1.8	
197	4.9	
198	0.3	
199	0.0	
200	1.0	
201	1.8	
202	4.7	
203	0.5	
204	4.6	
205	3.1	
206	3.0	
207	5.1	
208	0.2	
209	2.7	
210	0.3	
211	0.0	
212	6.4	
213	4.2	
214	3.2	
215	0.2	
216	0.0	
217	0.0	
218	4.6	
219	6.0	
220	3.0	
221	0.3	
222	2.7	
223	0.3	
224	2.7	
225	5.1	
226	2.0	
227	0.2	
228	0.0	
229	0.0	
230	5.4	
231	7.3	
232	0.3	
233	0.0	
234	1.8	
235	2.9	
236	4.9	
237	2.2	
238	0.2	
239	2.7	
240	3.3	
241	2.7	
242	5.7	
243	3.6	
244	0.0	
245	0.0	
246	4.5	
247	5.0	
248	2.3	
249	2.0	
250	0.2	
251	0.0	
252	4.5	
253	2.3	
254	0.2	
255	3.0	
256	2.7	
257	0.3	
258	3.6	
259	3.1	
260	0.3	
261	1.8	
262	5.6	
263	2.4	
264	2.0	
265	0.2	
266	0.0	
267	3.0	
268	6.3	
269	2.5	
270	0.2	
271	0.0	
272	0.0	
273	4.5	
274	7.7	
275	3.5	
276	0.3	
277	0.0	
278	1.8	
279	3.2	
280	2.7	
281	5.0	
282	0.2	
283	0.0	
284	4.5	
285	2.3	
286	2.9	
287	2.1	
288	0.2	
289	0.0	
290	6.3	
291	6.4	
292	0.3	
293	0.0	
294	2.7	
295	0.3	
296	3.0	
297	4.5	
298	2.3	
299	0.2	
300	4.5	
301	0.5	
302	2.7	
303	13.5	
304	0.8	
305	0.0	
306	5.4	
307	0.6	
308	1.8	
309	3.8	
310	2.2	
311	0.2	
312	0.0	
313	0.0	
314	1.8	
315	7.7	
316	3.3	
317	0.2	
318	2.7	
319	2.2	
320	0.1	
321	1.8	
322	2.1	
323	2.9	
324	2.0	
325	2.0	
326	5.7	
327	3.5	
328	0.0	
329	0.0	
330	4.5	
331	3.3	
332	6.5	
333	2.5	
334	0.2	
335	0.0	
336	2.7	
337	3.3	
338	2.7	
339	3.3	
340	2.7	
341	0.3	
342	4.5	
343	2.3	
344	0.2	
345	1.8	
346	2.0	
347	2.9	
348	4.8	
349	0.5	
350	0.0	
351	3.0	
352	3.0	
353	2.7	
354	2.1	
355	0.1	
356	0.0	
357	4.5	
358	5.9	
359	5.1	
360	0.5	
361	0.0	
362	0.0	
363	3.0	
364	6.3	
365	4.3	
366	0.4	
367	0.0	
368	1.8	
369	2.0	
370	4.7	
371	3.2	
372	0.3	
373	0.0	
374	7.2	
375	5.6	
376	0.2	
377	0.0	
378	0.0	
379	0.0	
380	4.5	
381	4.1	
382	2.2	
383	0.2	
384	0.0	
385	0.0	
386	6.3	
387	6.4	
388	0.3	
389	0.0	
390	5.4	
391	0.6	
392	2.7	
393	5.1	
394	0.2	
395	0.0	
396	4.5	
397	0.5	
398	2.7	
399	6.9	
400	0.4	
401	0.0	
402	4.5	
403	3.2	
404	0.3	
405	1.8	
406	2.0	
407	2.9	
408	3.3	
409	2.7	
410	3.0	
411	3.3	
412	2.7	
413	0.3	
414	2.7	
415	4.8	
416	2.3	
417	2.0	
418	2.0	
419	0.2	
420	1.8	
421	2.0	
422	2.9	
423	3.3	
424	2.7	
425	0.3	
426	1.8	
427	2.9	
428	4.8	
429	2.3	
430	2.9	
431	2.1	
432	2.0	
433	0.2	
434	2.7	
435	3.3	
436	1.8	
437	2.0	
438	2.0	
439	0.2	
440	0.0	
441	4.5	
442	5.0	
443	3.2	
444	3.0	
445	0.3	
446	0.0	
447	3.0	
448	2.7	
449	5.1	
450	2.0	
451	0.2	
452	1.8	
453	6.5	
454	6.1	
455	2.4	
456	0.2	
457	0.0	
458	4.5	
459	6.2	
460	4.8	
461	0.5	
462	0.0	
463	0.0	
464	3.0	
465	4.5	
466	5.0	
467	0.5	
468	0.0	
469	0.0	
470	4.5	
471	8.0	
472	0.5	
473	0.0	
474	2.7	
475	0.3	
476	4.5	
477	4.1	
478	0.4	
479	0.0	
480	0.0	
481	0.0	
482	3.6	
483	7.9	
484	0.5	
485	0.0	
486	5.4	
487	2.4	
488	0.2	
489	1.8	
490	0.2	
491	2.7	
492	6.6	
493	2.5	
494	2.9	
495	3.3	
496	0.0	
497	0.0	
498	7.2	
499	3.5	
500	2.1	
501	2.0	
502	2.0	
503	0.2	
504	2.7	
505	3.3	
506	0.0	
507	3.0	
508	5.4	
509	0.6	
510	2.7	
511	2.1	
512	0.2	
513	1.8	
514	3.8	
515	3.1	
516	2.2	
517	0.1	
518	2.7	
519	3.3	
520	3.0	
521	2.7	
522	0.3	
523	0.0	
524	4.8	
525	4.7	
526	3.1	
527	5.1	
528	0.2	
529	0.0	
530	2.7	
531	3.3	
532	1.8	
533	4.2	
534	1.8	
535	0.2	
536	2.0	
537	1.8	
538	2.0	
539	2.9	
540	3.0	
541	0.3	
542	5.4	
543	5.4	
544	0.2	
545	0.0	
546	1.8	
547	0.2	
548	2.0	
549	3.6	
550	5.1	
551	0.3	
552	0.0	
553	0.0	
554	4.9	
555	5.8	
556	5.2	
557	0.1	
558	2.7	
559	0.3	
560	2.7	
561	5.1	
562	2.9	
563	0.3	
564	0.0	
565	0.0	
566	4.5	
567	7.2	
568	0.2	
569	0.0	
570	1.8	
571	2.9	
572	3.0	
573	2.1	
574	0.2	
575	2.7	
576	3.3	
577	2.8	
578	4.8	
579	3.4	
580	0.0	
581	0.0	
582	5.6	
583	5.2	
584	2.2	
585	1.8	
586	0.2	
587	0.0	
588	6.3	
589	2.7	
590	0.0	
591	3.0	
592	2.7	
593	0.3	
594	4.6	
595	3.2	
596	0.2	
597	1.8	
598	4.8	
599	2.2	
600	2.1	
601	0.1	
602	0.0	
603	3.0	
604	4.6	
605	2.2	
606	0.2	
607	0.0	
608	0.0	
609	4.5	
610	6.8	
611	3.4	
612	0.3	
613	0.0	
614	2.8	
615	3.2	
616	2.7	
617	5.2	
618	0.1	
619	0.0	
620	6.4	
621	2.4	
622	3.0	
623	2.0	
624	0.2	
625	0.0	
626	7.3	
627	6.5	
628	0.2	
629	0.0	
630	1.8	
631	0.2	
632	3.0	
633	4.5	
634	2.4	
635	0.1	
636	2.7	
637	2.2	
638	2.8	
639	7.8	
640	0.5	
641	0.0	
642	1.8	
643	2.9	
644	2.1	
645	3.9	
646	3.1	
647	0.2	
648	0.0	
649	0.0	
650	1.8	
651	7.9	
652	5.1	
653	0.2	
654	2.8	
655	2.0	
656	0.2	
657	1.8	
658	3.0	
659	2.9	
660	2.2	
661	1.9	
662	2.0	
663	3.2	
664	0.0	
665	0.0	
666	4.5	
667	3.2	
668	4.9	
669	2.2	
670	0.2	
671	0.0	
672	2.7	
673	3.3	
674	1.8	
675	3.2	
676	2.7	
677	0.3	
678	5.6	
679	4.9	
680	0.5	
681	1.8	
682	2.0	
683	3.0	
684	4.8	
685	2.3	
686	0.1	
687	3.0	
688	3.0	
689	2.7	
690	3.1	
691	0.2	
692	0.0	
693	4.5	
694	5.1	
695	6.8	
696	0.6	
697	0.0	
698	0.0	
699	3.0	
700	4.6	
701	4.2	
702	0.2	
703	0.0	
704	0.0	
705	1.8	
706	3.8	
707	3.2	
708	0.2	
709	0.0	
710	8.3	
711	5.5	
712	0.2	
713	0.0	
714	0.0	
715	0.0	
716	6.5	
717	4.1	
718	2.3	
719	0.1	
720	0.0	
721	1.9	
722	7.5	
723	6.4	
724	0.2	
725	0.0	
726	1.8	
727	2.9	
728	3.0	
729	5.1	
730	0.2	
731	0.0	
732	2.8	
733	0.2	
734	2.8	
735	6.8	
736	0.3	
737	0.0	
738	3.6	
739	3.2	
740	0.2	
741	1.8	
742	3.0	
743	2.9	
744	3.3	
745	2.7	
