系统参数：
NodeNum:5	 ObjectNum:1	
Strength_Init:1.50 	Strength_Inc:1.00	 Strength_Ratio:0.10	概率阈值:1.00	 消息概率:0.10	
**************************************************
 Sun Nov 09 18:30:45 2014

关系强度矩阵	
3	
1.5	2.5	2.5	1.4	1.4	
1.5	1.5	1.5	1.5	1.4	
1.5	1.5	1.5	1.5	1.5	
1.5	1.5	1.5	1.5	1.5	
1.5	1.5	1.5	1.5	1.5	

6	
1.5	2.4	2.5	1.4	1.4	
1.5	1.5	1.5	1.5	1.4	
1.5	1.5	1.5	1.5	1.5	
1.5	1.5	1.5	1.5	1.5	
1.5	1.5	1.5	1.5	1.5	

9	
1.5	2.4	2.4	1.4	1.4	
1.5	1.5	1.5	2.5	1.4	
1.5	1.5	1.5	1.5	1.5	
1.5	1.5	1.5	1.5	1.5	
1.5	1.5	1.5	1.5	1.5	

12	
1.5	2.4	2.4	1.4	1.4	
1.5	1.5	1.5	2.4	1.4	
1.5	1.4	1.5	1.5	2.5	
1.5	1.5	1.5	1.5	1.5	
1.5	1.5	1.5	1.5	1.5	

15	
1.5	2.4	2.4	1.4	1.4	
1.5	1.5	1.5	2.4	1.4	
1.5	1.4	1.5	1.5	2.5	
1.5	1.5	1.5	1.5	1.5	
1.5	1.5	1.5	1.5	1.5	

18	
1.5	2.4	2.4	1.4	1.4	
1.5	1.5	1.5	2.4	1.4	
1.5	1.4	1.5	1.5	2.4	
1.5	1.5	1.5	1.5	1.5	
1.4	2.5	1.5	1.5	1.5	

21	
1.5	3.4	2.4	1.4	1.4	
2.5	1.5	1.5	2.4	1.4	
1.5	1.4	1.5	1.5	2.4	
1.5	1.5	1.4	1.5	1.5	
1.4	2.4	1.5	1.4	1.5	

24	
1.5	3.4	2.4	1.4	1.4	
2.5	1.5	1.5	2.4	1.4	
1.5	1.4	1.5	1.5	2.4	
1.5	1.5	1.4	1.5	1.5	
1.4	2.4	1.5	1.4	1.5	

27	
1.5	3.3	2.4	1.3	1.4	
2.5	1.5	2.5	2.4	1.4	
1.5	1.4	1.5	1.5	2.4	
1.5	1.5	1.4	1.5	1.5	
1.4	2.4	1.5	1.4	1.5	

30	
1.5	3.3	2.4	1.3	1.3	
2.5	1.5	2.4	2.4	1.4	
1.5	1.4	1.5	2.5	2.4	
1.5	1.5	1.4	1.5	1.5	
1.4	2.4	1.5	1.4	1.5	

33	
1.5	3.3	2.4	1.3	1.3	
2.5	1.5	2.4	2.4	1.4	
1.5	1.4	1.5	2.5	2.4	
1.5	1.5	1.4	1.5	1.5	
1.4	2.4	1.5	1.4	1.5	

36	
1.5	3.3	2.4	1.3	1.3	
2.4	1.5	2.4	2.4	1.4	
1.5	1.3	1.5	2.4	2.4	
1.5	1.5	1.3	1.5	2.5	
1.4	2.4	1.5	1.4	1.5	

39	
1.5	3.3	2.4	1.3	1.3	
2.4	1.5	2.4	2.4	1.4	
1.5	1.3	1.5	2.4	2.4	
1.5	1.5	1.3	1.5	2.4	
1.4	2.4	1.4	1.4	1.5	

42	
1.5	3.3	2.4	1.3	1.3	
2.4	1.5	2.4	2.4	1.3	
1.5	1.3	1.5	2.4	2.4	
1.5	1.5	1.3	1.5	2.4	
2.4	2.3	1.4	1.3	1.5	

