任务分配方法：1 	
Wed Dec 31 14:27:00 2014
	
节点ID	任务集合	
101	10025	10009	
102	10022	10015	
103	10019	10006	
104	10001	10007	10005	10003	
105	10010	10016	10014	10012	
106	10034	10018	
107	10031	10033	
108	10028	10030	
109	10026	10027	
110	10023	10024	
111	10020	10021	
112	10004	10002	10008	
113	10013	10011	10017	
114	10035	10036	
115	10032	
116	10029	

节点ID	负载	
101	0.560000	
102	0.560000	
103	0.550000	
104	0.820000	
105	0.860000	
106	0.560000	
107	0.560000	
108	0.560000	
109	0.750000	
110	0.750000	
111	0.750000	
112	0.460000	
113	0.630000	
114	0.750000	
115	0.250000	
116	0.250000	

任务ID	执行节点	状态	消耗	转移	
10010	105	1	0.03	0	
10013	113	1	0.03	0	
10016	105	1	0.03	0	
10019	103	1	0.05	0	
10001	104	1	0.06	0	
10004	112	1	0.06	0	
10007	104	1	0.06	0	
10022	102	1	0.06	0	
10025	101	1	0.06	0	
10028	108	1	0.06	0	
10031	107	1	0.06	0	
10034	106	1	0.06	0	
10002	112	1	0.20	0	
10005	104	1	0.20	0	
10008	112	1	0.20	0	
10020	111	1	0.25	0	
10023	110	1	0.25	0	
10026	109	1	0.25	0	
10029	116	1	0.25	0	
10032	115	1	0.25	0	
10035	114	1	0.25	0	
10011	113	1	0.30	0	
10014	105	1	0.30	0	
10017	113	1	0.30	0	
10003	104	1	0.50	0	
10006	103	1	0.50	1	
10009	101	1	0.50	1	
10012	105	1	0.50	0	
10015	102	1	0.50	1	
10018	106	1	0.50	1	
10021	111	1	0.50	0	
10024	110	1	0.50	0	
10027	109	1	0.50	0	
10030	108	1	0.50	0	
10033	107	1	0.50	0	
10036	114	1	0.50	0	

系统资源利用率	任务丢弃率	任务转移次数	
0.601	 0.000	 4	
