系统参数：	
NodeNum:	 ObjectNum:	 Strength_Init:	 Strength_Inc:	 Strength_Ratio:	概率阈值:	 消息概率:	
 5	 2	 1.30	 1.00	 0.10	 1.00	 0.01	
**************************************************	
Sun Nov 16 22:43:52 2014
	
关系强度矩阵	
3	
1.3	1.3	1.3	1.3	1.3	
1.2	1.3	2.3	1.2	1.2	
1.3	1.3	1.3	1.3	1.3	
1.3	1.3	1.3	1.3	1.3	
1.2	2.3	1.2	1.2	1.3	

6	
1.3	1.3	1.3	1.3	1.3	
1.2	1.3	2.2	1.2	1.2	
1.2	1.2	1.3	2.3	1.2	
1.3	1.3	1.3	1.3	1.3	
1.2	2.3	1.2	1.2	1.3	

9	
1.3	1.3	1.3	1.3	1.3	
1.1	1.3	3.2	1.1	1.1	
1.2	1.2	1.3	2.3	1.2	
1.3	1.3	1.3	1.3	1.3	
1.2	2.2	1.2	1.2	1.3	

12	
1.3	1.3	1.3	1.3	1.3	
1.1	1.3	3.1	1.1	1.1	
1.1	1.1	1.3	3.3	1.1	
1.2	1.2	1.2	1.3	2.3	
1.2	2.2	1.2	1.2	1.3	

15	
1.3	1.3	1.3	1.3	1.3	
1.1	1.3	3.1	1.1	1.1	
1.1	1.1	1.3	4.3	1.1	
1.2	1.2	1.2	1.3	2.2	
1.1	3.2	1.1	1.1	1.3	

18	
1.3	1.3	1.3	1.3	1.3	
1.1	1.3	4.1	1.1	1.1	
1.1	1.1	1.3	4.3	1.1	
1.1	1.1	1.1	1.3	2.1	
1.1	3.1	1.1	1.1	1.3	

21	
1.3	1.3	1.3	1.3	1.3	
1.0	1.3	4.1	1.0	1.0	
1.1	1.1	1.3	4.2	1.1	
1.0	1.0	1.0	1.3	3.1	
1.1	3.1	1.1	1.1	1.3	

24	
1.3	1.3	1.3	1.3	1.3	
1.0	1.3	4.1	1.0	1.0	
1.1	1.1	1.3	5.2	1.0	
1.0	1.0	1.0	1.3	3.1	
1.1	4.1	1.0	1.1	1.3	

27	
1.3	1.3	1.3	1.3	1.3	
1.0	1.3	4.1	1.0	1.0	
1.0	1.0	1.3	5.1	1.0	
1.0	1.0	1.0	1.3	4.1	
1.1	4.1	1.0	1.1	1.3	

30	
1.3	1.3	1.3	1.3	1.3	
1.0	1.3	5.0	1.0	1.0	
1.0	1.0	1.3	5.1	1.0	
1.0	1.0	1.0	1.3	4.1	
1.1	5.1	1.0	1.0	1.3	

33	
1.3	1.3	1.3	1.3	1.3	
1.0	1.3	5.0	1.0	1.0	
1.0	1.0	1.3	6.1	1.0	
1.0	1.0	1.0	1.3	4.0	
1.1	6.1	1.0	1.0	1.3	

36	
1.3	1.3	1.3	1.3	1.3	
1.0	1.3	4.9	1.0	1.0	
1.0	1.0	1.3	6.1	1.0	
1.0	1.0	1.0	1.3	5.0	
1.0	6.0	1.0	1.0	1.3	

39	
1.3	1.3	1.3	1.3	1.3	
1.0	1.3	5.9	1.0	1.0	
1.0	1.0	1.3	6.1	1.0	
1.0	1.0	1.0	1.3	5.0	
1.0	7.0	1.0	0.9	1.3	

42	
1.3	1.3	1.3	1.3	1.3	
1.0	1.3	5.8	1.0	1.0	
1.0	1.0	1.3	6.1	1.0	
1.0	1.0	1.0	1.3	5.0	
1.0	7.0	1.0	0.9	1.3	

45	
1.3	1.3	1.3	1.3	1.3	
1.0	1.3	6.8	1.0	1.0	
1.0	1.0	1.3	7.0	1.0	
1.0	1.0	1.0	1.3	4.9	
1.0	7.0	1.0	0.9	1.3	

48	
1.3	1.3	1.3	1.3	1.3	
1.0	1.3	6.8	1.0	1.0	
1.0	1.0	1.3	7.0	1.0	
1.0	1.0	1.0	1.3	5.9	
1.0	6.9	1.0	0.9	1.3	

51	
1.3	1.3	1.3	1.3	1.3	
1.0	1.3	7.7	1.0	1.0	
1.0	1.0	1.3	6.9	1.0	
1.0	1.0	1.0	1.3	5.9	
1.0	7.9	1.0	0.9	1.3	

54	
1.3	1.3	1.3	1.3	1.3	
1.0	1.3	7.7	1.0	1.0	
1.0	1.0	1.3	7.9	1.0	
1.0	1.0	1.0	1.3	5.9	
1.0	7.9	1.0	0.9	1.3	

57	
1.3	1.3	1.3	1.3	1.3	
1.0	1.3	8.7	1.0	1.0	
1.0	1.0	1.3	7.8	1.0	
1.0	1.0	1.0	1.3	5.8	
1.0	7.9	1.0	0.9	1.3	

60	
1.3	1.3	1.3	1.3	1.3	
1.0	1.3	8.7	1.0	1.0	
1.0	1.0	1.3	8.8	1.0	
1.0	1.0	1.0	1.3	6.7	
1.0	7.8	1.0	0.9	1.3	

63	
1.3	1.3	1.3	1.3	1.3	
1.0	1.3	8.6	1.0	1.0	
1.0	1.0	1.3	9.8	1.0	
1.0	1.0	1.0	1.3	6.7	
1.0	8.8	1.0	0.9	1.3	

66	
1.3	1.3	1.3	1.3	1.3	
1.0	1.3	9.6	1.0	1.0	
1.0	1.0	1.3	9.8	1.0	
1.0	1.0	1.0	1.3	6.6	
1.0	8.8	1.0	0.9	1.3	

69	
1.3	1.3	1.3	1.3	1.3	
1.0	1.3	9.6	1.0	1.0	
1.0	1.0	1.3	10.7	1.0	
1.0	1.0	1.0	1.3	7.6	
1.0	8.7	1.0	0.9	1.3	

72	
1.3	1.3	1.3	1.3	1.3	
1.0	1.3	9.5	1.0	1.0	
1.0	1.0	1.3	10.7	1.0	
1.0	1.0	1.0	1.3	7.5	
1.0	9.7	1.0	0.9	1.3	

75	
1.3	1.3	1.3	1.3	1.3	
1.0	1.3	9.5	1.0	1.0	
1.0	1.0	1.3	10.7	1.0	
1.0	1.0	1.0	1.3	8.5	
1.0	9.6	1.0	0.9	1.3	

78	
1.3	1.3	1.3	1.3	1.3	
1.0	1.3	10.5	1.0	1.0	
1.0	1.0	1.3	10.6	1.0	
1.0	1.0	1.0	1.3	9.5	
1.0	9.6	1.0	0.9	1.3	

81	
1.3	1.3	1.3	1.3	1.3	
1.0	1.3	10.5	1.0	1.0	
1.0	1.0	1.3	11.6	1.0	
1.0	1.0	1.0	1.3	9.4	
1.0	9.5	1.0	0.9	1.3	

84	
1.3	1.3	1.3	1.3	1.3	
1.0	1.3	10.4	1.0	1.0	
1.0	1.0	1.3	11.6	1.0	
1.0	1.0	1.0	1.3	10.4	
1.0	10.5	1.0	0.9	1.3	

87	
1.3	1.3	1.3	1.3	1.3	
1.0	1.3	11.4	1.0	1.0	
1.0	1.0	1.3	11.6	1.0	
1.0	1.0	1.0	1.3	10.4	
1.0	10.4	1.0	0.9	1.3	

90	
1.3	1.3	1.3	1.3	1.3	
1.0	1.3	11.3	1.0	1.0	
1.0	1.0	1.3	11.5	1.0	
1.0	1.0	1.0	1.3	10.4	
1.0	11.4	1.0	0.9	1.3	

93	
1.3	1.3	1.3	1.3	1.3	
1.0	1.3	12.3	1.0	1.0	
1.0	1.0	1.3	12.4	1.0	
1.0	1.0	1.0	1.3	10.3	
1.0	11.4	1.0	0.9	1.3	

96	
1.3	1.3	1.3	1.3	1.3	
1.0	1.3	13.3	1.0	1.0	
1.0	1.0	1.3	12.4	1.0	
1.0	1.0	1.0	1.3	11.3	
1.0	11.3	1.0	0.9	1.3	

99	
1.3	1.3	1.3	1.3	1.3	
1.0	1.3	13.2	1.0	1.0	
1.0	1.0	1.3	12.3	1.0	
1.0	1.0	1.0	1.3	11.3	
1.0	12.3	1.0	0.9	1.3	

102	
1.3	1.3	1.3	1.3	1.3	
1.0	1.3	13.2	1.0	1.0	
1.0	1.0	1.3	13.3	1.0	
1.0	1.0	1.0	1.3	11.3	
1.0	12.3	1.0	0.9	1.3	

105	
1.3	1.3	1.3	1.3	1.3	
1.0	1.3	14.2	1.0	1.0	
1.0	1.0	1.3	13.2	1.0	
1.0	1.0	1.0	1.3	12.2	
1.0	12.3	1.0	0.9	1.3	

108	
1.3	1.3	1.3	1.3	1.3	
1.0	1.3	14.2	1.0	1.0	
1.0	1.0	1.3	14.2	1.0	
1.0	1.0	1.0	1.3	12.1	
1.0	12.2	1.0	0.9	1.3	

111	
1.3	1.3	1.3	1.3	1.3	
1.0	1.3	14.1	1.0	1.0	
1.0	1.0	1.3	14.2	1.0	
1.0	1.0	1.0	1.3	12.1	
1.0	13.2	1.0	0.9	1.3	

114	
1.3	1.3	1.3	1.3	1.3	
1.0	1.3	15.1	1.0	1.0	
1.0	1.0	1.3	15.1	1.0	
1.0	1.0	1.0	1.3	12.0	
1.0	13.2	1.0	0.9	1.3	

117	
1.3	1.3	1.3	1.3	1.3	
1.0	1.3	15.1	1.0	1.0	
1.0	1.0	1.3	15.1	1.0	
1.0	1.0	1.0	1.3	13.0	
1.0	13.1	1.0	0.9	1.3	

120	
1.3	1.3	1.3	1.3	1.3	
1.0	1.3	15.1	1.0	1.0	
1.0	1.0	1.3	16.1	1.0	
1.0	1.0	1.0	1.3	12.9	
1.0	13.1	1.0	0.9	1.3	

123	
1.3	1.3	1.3	1.3	1.3	
1.0	1.3	15.0	1.0	1.0	
1.0	1.0	1.3	16.1	1.0	
1.0	1.0	1.0	1.3	13.9	
1.0	14.0	1.0	0.9	1.3	

126	
1.3	1.3	1.3	1.3	1.3	
1.0	1.3	16.0	1.0	1.0	
1.0	1.0	1.3	16.0	1.0	
1.0	1.0	1.0	1.3	13.9	
1.0	14.0	1.0	0.9	1.3	

129	
1.3	1.3	1.3	1.3	1.3	
1.0	1.3	16.0	1.0	1.0	
1.0	1.0	1.3	16.0	1.0	
1.0	1.0	1.0	1.3	14.9	
1.0	13.9	1.0	0.9	1.3	

132	
1.3	1.3	1.3	1.3	1.3	
1.0	1.3	15.9	1.0	1.0	
1.0	1.0	1.3	17.0	1.0	
1.0	1.0	1.0	1.3	14.8	
1.0	14.9	1.0	0.9	1.3	

135	
1.3	1.3	1.3	1.3	1.3	
1.0	1.3	15.9	1.0	1.0	
1.0	1.0	1.3	17.0	1.0	
1.0	1.0	1.0	1.3	15.8	
1.0	14.8	1.0	0.9	1.3	

138	
1.3	1.3	1.3	1.3	1.3	
1.0	1.3	16.8	1.0	1.0	
1.0	1.0	1.3	16.9	1.0	
1.0	1.0	1.0	1.3	15.8	
1.0	15.8	1.0	0.9	1.3	

141	
1.3	1.3	1.3	1.3	1.3	
1.0	1.3	16.8	1.0	1.0	
1.0	1.0	1.3	17.9	1.0	
1.0	1.0	1.0	1.3	15.7	
1.0	16.8	1.0	0.9	1.3	

144	
1.3	1.3	1.3	1.3	1.3	
1.0	1.3	16.7	1.0	1.0	
1.0	1.0	1.3	17.9	1.0	
1.0	1.0	1.0	1.3	16.7	
1.0	16.7	1.0	0.9	1.3	

147	
1.3	1.3	1.3	1.3	1.3	
1.0	1.3	17.7	1.0	1.0	
1.0	1.0	1.3	17.8	1.0	
1.0	1.0	1.0	1.3	16.7	
1.0	17.7	1.0	0.9	1.3	

150	
1.3	1.3	1.3	1.3	1.3	
1.0	1.3	17.6	1.0	1.0	
1.0	1.0	1.3	17.8	1.0	
1.0	1.0	1.0	1.3	16.7	
1.0	17.7	1.0	0.9	1.3	

153	
1.3	1.3	1.3	1.3	1.3	
1.0	1.3	18.6	1.0	1.0	
1.0	1.0	1.3	18.7	1.0	
1.0	1.0	1.0	1.3	16.6	
1.0	17.7	1.0	0.9	1.3	

156	
1.3	1.3	1.3	1.3	1.3	
1.0	1.3	18.6	1.0	1.0	
1.0	1.0	1.3	19.7	1.0	
1.0	1.0	1.0	1.3	17.5	
1.0	17.6	1.0	0.9	1.3	

159	
1.3	1.3	1.3	1.3	1.3	
1.0	1.3	18.5	1.0	1.0	
1.0	1.0	1.3	19.7	1.0	
1.0	1.0	1.0	1.3	17.5	
1.0	18.6	1.0	0.9	1.3	

162	
1.3	1.3	1.3	1.3	1.3	
1.0	1.3	19.5	1.0	1.0	
1.0	1.0	1.3	20.7	1.0	
1.0	1.0	1.0	1.3	17.4	
1.0	18.6	1.0	0.9	1.3	

165	
1.3	1.3	1.3	1.3	1.3	
1.0	1.3	19.5	1.0	1.0	
1.0	1.0	1.3	20.6	1.0	
1.0	1.0	1.0	1.3	18.4	
1.0	18.6	1.0	0.9	1.3	

168	
1.3	1.3	1.3	1.3	1.3	
1.0	1.3	19.5	1.0	1.0	
1.0	1.0	1.3	21.6	1.0	
1.0	1.0	1.0	1.3	18.3	
1.0	18.5	1.0	0.9	1.3	

171	
1.3	1.3	1.3	1.3	1.3	
1.0	1.3	19.4	1.0	1.0	
1.0	1.0	1.3	21.6	1.0	
1.0	1.0	1.0	1.3	19.3	
1.0	19.4	1.0	0.9	1.3	

174	
1.3	1.3	1.3	1.3	1.3	
1.0	1.3	20.4	1.0	1.0	
1.0	1.0	1.3	21.5	1.0	
1.0	1.0	1.0	1.3	19.3	
1.0	19.4	1.0	0.9	1.3	

177	
1.3	1.3	1.3	1.3	1.3	
1.0	1.3	20.4	1.0	1.0	
1.0	1.0	1.3	21.5	1.0	
1.0	1.0	1.0	1.3	20.3	
1.0	19.3	1.0	0.9	1.3	

180	
1.3	1.3	1.3	1.3	1.3	
1.0	1.3	20.4	1.0	1.0	
1.0	1.0	1.3	22.5	1.0	
1.0	1.0	1.0	1.3	20.2	
1.0	20.3	1.0	0.9	1.3	

183	
1.3	1.3	1.3	1.3	1.3	
1.0	1.3	20.3	1.0	1.0	
1.0	1.0	1.3	22.5	1.0	
1.0	1.0	1.0	1.3	21.2	
1.0	20.2	1.0	0.9	1.3	

186	
1.3	1.3	1.3	1.3	1.3	
1.0	1.3	21.2	1.0	1.0	
1.0	1.0	1.3	22.4	1.0	
1.0	1.0	1.0	1.3	21.2	
1.0	21.2	1.0	0.9	1.3	

189	
1.3	1.3	1.3	1.3	1.3	
1.0	1.3	21.2	1.0	1.0	
1.0	1.0	1.3	23.4	1.0	
1.0	1.0	1.0	1.3	21.1	
1.0	21.2	1.0	0.9	1.3	

192	
1.3	1.3	1.3	1.3	1.3	
1.0	1.3	21.1	1.0	1.0	
1.0	1.0	1.3	23.4	1.0	
1.0	1.0	1.0	1.3	22.1	
1.0	22.2	1.0	0.9	1.3	

195	
1.3	1.3	1.3	1.3	1.3	
1.0	1.3	22.1	1.0	1.0	
1.0	1.0	1.3	23.4	1.0	
1.0	1.0	1.0	1.3	22.1	
1.0	22.1	1.0	0.9	1.3	

198	
1.3	1.3	1.3	1.3	1.3	
1.0	1.3	22.0	1.0	1.0	
1.0	1.0	1.3	23.3	1.0	
1.0	1.0	1.0	1.3	22.1	
1.0	23.1	1.0	0.9	1.3	

201	
1.3	1.3	1.3	1.3	1.3	
1.0	1.3	23.0	1.0	1.0	
1.0	1.0	1.3	24.2	1.0	
1.0	1.0	1.0	1.3	22.0	
1.0	23.1	1.0	0.9	1.3	

204	
1.3	1.3	1.3	1.3	1.3	
1.0	1.3	23.0	1.0	1.0	
1.0	1.0	1.3	24.2	1.0	
1.0	1.0	1.0	1.3	23.0	
1.0	23.0	1.0	0.9	1.3	

207	
1.3	1.3	1.3	1.3	1.3	
1.0	1.3	23.0	1.0	1.0	
1.0	1.0	1.3	25.2	1.0	
1.0	1.0	1.0	1.3	22.9	
1.0	24.0	1.0	0.9	1.3	

210	
1.3	1.3	1.3	1.3	1.3	
1.0	1.3	22.9	1.0	1.0	
1.0	1.0	1.3	26.2	1.0	
1.0	1.0	1.0	1.3	22.8	
1.0	24.0	1.0	0.9	1.3	

213	
1.3	1.3	1.3	1.3	1.3	
1.0	1.3	23.9	1.0	1.0	
1.0	1.0	1.3	26.1	1.0	
1.0	1.0	1.0	1.3	23.8	
1.0	24.0	1.0	0.9	1.3	

216	
1.3	1.3	1.3	1.3	1.3	
1.0	1.3	23.9	1.0	1.0	
1.0	1.0	1.3	27.1	1.0	
1.0	1.0	1.0	1.3	23.7	
1.0	23.9	1.0	0.9	1.3	

219	
1.3	1.3	1.3	1.3	1.3	
1.0	1.3	23.8	1.0	1.0	
1.0	1.0	1.3	27.1	1.0	
1.0	1.0	1.0	1.3	24.7	
1.0	24.9	1.0	0.9	1.3	

222	
1.3	1.3	1.3	1.3	1.3	
1.0	1.3	24.8	1.0	1.0	
1.0	1.0	1.3	27.0	1.0	
1.0	1.0	1.0	1.3	24.7	
1.0	24.8	1.0	0.9	1.3	

225	
1.3	1.3	1.3	1.3	1.3	
1.0	1.3	24.8	1.0	1.0	
1.0	1.0	1.3	27.0	1.0	
1.0	1.0	1.0	1.3	25.7	
1.0	24.7	1.0	0.9	1.3	

228	
1.3	1.3	1.3	1.3	1.3	
1.0	1.3	24.8	1.0	1.0	
1.0	1.0	1.3	28.0	1.0	
1.0	1.0	1.0	1.3	25.6	
1.0	25.7	1.0	0.9	1.3	

231	
1.3	1.3	1.3	1.3	1.3	
1.0	1.3	24.7	1.0	1.0	
1.0	1.0	1.3	28.0	1.0	
1.0	1.0	1.0	1.3	26.6	
1.0	25.6	1.0	0.9	1.3	

234	
1.3	1.3	1.3	1.3	1.3	
1.0	1.3	25.6	1.0	1.0	
1.0	1.0	1.3	27.9	1.0	
1.0	1.0	1.0	1.3	26.6	
1.0	26.6	1.0	0.9	1.3	

237	
1.3	1.3	1.3	1.3	1.3	
1.0	1.3	25.6	1.0	1.0	
1.0	1.0	1.3	28.9	1.0	
1.0	1.0	1.0	1.3	26.5	
1.0	26.6	1.0	0.9	1.3	

240	
1.3	1.3	1.3	1.3	1.3	
1.0	1.3	25.5	1.0	1.0	
1.0	1.0	1.3	28.9	1.0	
1.0	1.0	1.0	1.3	27.5	
1.0	27.6	1.0	0.9	1.3	

243	
1.3	1.3	1.3	1.3	1.3	
1.0	1.3	25.5	1.0	1.0	
1.0	1.0	1.3	28.9	1.0	
1.0	1.0	1.0	1.3	27.5	
1.0	27.5	1.0	0.9	1.3	

246	
1.3	1.3	1.3	1.3	1.3	
1.0	1.3	26.4	1.0	1.0	
1.0	1.0	1.3	28.8	1.0	
1.0	1.0	1.0	1.3	27.5	
1.0	28.5	1.0	0.9	1.3	

249	
1.3	1.3	1.3	1.3	1.3	
1.0	1.3	27.4	1.0	1.0	
1.0	1.0	1.3	29.7	1.0	
1.0	1.0	1.0	1.3	27.4	
1.0	28.5	1.0	0.9	1.3	

252	
1.3	1.3	1.3	1.3	1.3	
1.0	1.3	27.4	1.0	1.0	
1.0	1.0	1.3	29.7	1.0	
1.0	1.0	1.0	1.3	28.4	
1.0	28.4	1.0	0.9	1.3	

255	
1.3	1.3	1.3	1.3	1.3	
1.0	1.3	28.4	1.0	1.0	
1.0	1.0	1.3	29.6	1.0	
1.0	1.0	1.0	1.3	28.4	
1.0	29.4	1.0	0.9	1.3	

258	
1.3	1.3	1.3	1.3	1.3	
1.0	1.3	28.3	1.0	1.0	
1.0	1.0	1.3	29.6	1.0	
1.0	1.0	1.0	1.3	28.4	
1.0	29.4	1.0	0.9	1.3	

261	
1.3	1.3	1.3	1.3	1.3	
1.0	1.3	29.3	1.0	1.0	
1.0	1.0	1.3	30.5	1.0	
1.0	1.0	1.0	1.3	28.3	
1.0	29.4	1.0	0.9	1.3	

264	
1.3	1.3	1.3	1.3	1.3	
1.0	1.3	29.3	1.0	1.0	
1.0	1.0	1.3	30.5	1.0	
1.0	1.0	1.0	1.3	29.3	
1.0	29.3	1.0	0.9	1.3	

267	
1.3	1.3	1.3	1.3	1.3	
1.0	1.3	29.3	1.0	1.0	
1.0	1.0	1.3	31.5	1.0	
1.0	1.0	1.0	1.3	29.2	
1.0	30.3	1.0	0.9	1.3	

270	
1.3	1.3	1.3	1.3	1.3	
1.0	1.3	29.2	1.0	1.0	
1.0	1.0	1.3	31.5	1.0	
1.0	1.0	1.0	1.3	30.2	
1.0	30.2	1.0	0.9	1.3	

273	
1.3	1.3	1.3	1.3	1.3	
1.0	1.3	30.2	1.0	1.0	
1.0	1.0	1.3	31.4	1.0	
1.0	1.0	1.0	1.3	31.2	
1.0	30.1	1.0	0.9	1.3	

276	
1.3	1.3	1.3	1.3	1.3	
1.0	1.3	30.2	1.0	1.0	
1.0	1.0	1.3	32.4	1.0	
1.0	1.0	1.0	1.3	31.1	
1.0	30.1	1.0	0.9	1.3	

279	
1.3	1.3	1.3	1.3	1.3	
1.0	1.3	30.1	1.0	1.0	
1.0	1.0	1.3	32.4	1.0	
1.0	1.0	1.0	1.3	32.1	
1.0	31.1	1.0	0.9	1.3	

282	
1.3	1.3	1.3	1.3	1.3	
1.0	1.3	31.1	1.0	1.0	
1.0	1.0	1.3	32.3	1.0	
1.0	1.0	1.0	1.3	32.1	
1.0	31.0	1.0	0.9	1.3	

285	
1.3	1.3	1.3	1.3	1.3	
1.0	1.3	31.0	1.0	1.0	
1.0	1.0	1.3	32.3	1.0	
1.0	1.0	1.0	1.3	32.1	
1.0	32.0	1.0	0.9	1.3	

288	
1.3	1.3	1.3	1.3	1.3	
1.0	1.3	30.9	1.0	1.0	
1.0	1.0	1.3	33.3	1.0	
1.0	1.0	1.0	1.3	32.0	
1.0	33.0	1.0	0.9	1.3	

291	
1.3	1.3	1.3	1.3	1.3	
1.0	1.3	30.9	1.0	1.0	
1.0	1.0	1.3	33.3	1.0	
1.0	1.0	1.0	1.3	33.0	
1.0	32.9	1.0	0.9	1.3	

294	
1.3	1.3	1.3	1.3	1.3	
1.0	1.3	31.8	1.0	1.0	
1.0	1.0	1.3	33.2	1.0	
1.0	1.0	1.0	1.3	33.0	
1.0	33.9	1.0	0.9	1.3	

297	
1.3	1.3	1.3	1.3	1.3	
1.0	1.3	31.8	1.0	1.0	
1.0	1.0	1.3	34.2	1.0	
1.0	1.0	1.0	1.3	32.9	
1.0	33.9	1.0	0.9	1.3	

300	
1.3	1.3	1.3	1.3	1.3	
1.0	1.3	32.8	1.0	1.0	
1.0	1.0	1.3	34.1	1.0	
1.0	1.0	1.0	1.3	33.9	
1.0	33.9	1.0	0.9	1.3	

303	
1.3	1.3	1.3	1.3	1.3	
1.0	1.3	33.8	1.0	1.0	
1.0	1.0	1.3	34.0	1.0	
1.0	1.0	1.0	1.3	33.9	
1.0	33.8	1.0	0.9	1.3	

306	
1.3	1.3	1.3	1.3	1.3	
1.0	1.3	33.7	1.0	1.0	
1.0	1.0	1.3	34.0	1.0	
1.0	1.0	1.0	1.3	33.9	
1.0	34.8	1.0	0.9	1.3	

309	
1.3	1.3	1.3	1.3	1.3	
1.0	1.3	34.7	1.0	1.0	
1.0	1.0	1.3	34.9	1.0	
1.0	1.0	1.0	1.3	33.8	
1.0	34.8	1.0	0.9	1.3	

312	
1.3	1.3	1.3	1.3	1.3	
1.0	1.3	34.7	1.0	1.0	
1.0	1.0	1.3	34.9	1.0	
1.0	1.0	1.0	1.3	34.8	
1.0	34.7	1.0	0.9	1.3	

315	
1.3	1.3	1.3	1.3	1.3	
1.0	1.3	34.7	1.0	1.0	
1.0	1.0	1.3	35.9	1.0	
1.0	1.0	1.0	1.3	34.7	
1.0	35.7	1.0	0.9	1.3	

318	
1.3	1.3	1.3	1.3	1.3	
1.0	1.3	34.6	1.0	1.0	
1.0	1.0	1.3	36.9	1.0	
1.0	1.0	1.0	1.3	34.6	
1.0	35.7	1.0	0.9	1.3	

321	
1.3	1.3	1.3	1.3	1.3	
1.0	1.3	35.6	1.0	1.0	
1.0	1.0	1.3	36.8	1.0	
1.0	1.0	1.0	1.3	34.6	
1.0	35.7	1.0	0.9	1.3	

324	
1.3	1.3	1.3	1.3	1.3	
1.0	1.3	35.6	1.0	1.0	
1.0	1.0	1.3	37.8	1.0	
1.0	1.0	1.0	1.3	35.5	
1.0	35.6	1.0	0.9	1.3	

327	
1.3	1.3	1.3	1.3	1.3	
1.0	1.3	35.5	1.0	1.0	
1.0	1.0	1.3	37.8	1.0	
1.0	1.0	1.0	1.3	36.5	
1.0	36.6	1.0	0.9	1.3	

