系统参数：	
NodeNum:	 ObjectNum:	 Strength_Init:	 Strength_Inc:	 Strength_Ratio:	概率阈值:	 消息概率:	 通信方式:	
 8	 8	 1.30	 1.00	 0.10	 1.00	 0.01	 1	
**************************************************	
Sun Dec 07 16:16:53 2014
	
关系强度矩阵	
3	
1.3	3.3	1.1	1.1	1.1	1.1	1.1	1.1	
1.3	1.3	1.3	1.3	1.3	1.3	1.3	1.3	
1.3	1.3	1.3	1.3	1.3	1.3	1.3	1.3	
1.3	1.3	1.3	1.3	1.3	1.3	1.3	1.3	
1.1	1.2	2.2	1.2	1.3	1.1	1.2	1.1	
1.3	1.3	1.3	1.3	1.3	1.3	1.3	1.3	
2.1	1.0	1.0	1.0	1.0	1.1	1.3	1.0	
1.3	1.3	1.3	1.3	1.3	1.3	1.3	1.3	

6	
1.3	3.3	1.1	1.1	1.1	1.1	1.1	1.1	
1.3	1.3	1.3	2.3	1.3	1.3	1.3	1.3	
1.3	1.3	1.3	1.3	1.3	1.3	1.3	1.3	
1.3	1.3	1.3	1.3	1.3	1.3	1.3	1.3	
1.1	1.1	2.2	1.1	1.3	1.1	1.1	1.1	
1.3	1.3	1.3	1.3	1.3	1.3	1.3	1.3	
2.0	1.0	1.0	1.0	1.0	1.0	1.3	1.0	
1.3	1.3	1.3	1.3	1.3	1.3	1.3	1.3	

9	
1.3	3.1	1.1	1.1	1.1	1.1	1.1	1.1	
1.1	1.3	2.3	2.2	1.1	1.1	1.1	1.1	
1.3	1.3	1.3	1.3	1.3	1.3	1.3	1.3	
1.3	1.3	1.3	1.3	1.3	1.3	1.3	1.3	
1.1	1.1	2.2	1.1	1.3	1.1	1.1	1.1	
1.3	1.3	1.3	1.3	1.3	1.3	1.3	1.3	
2.0	1.0	1.0	1.0	1.0	1.0	1.3	1.0	
1.3	1.3	1.3	1.3	1.3	1.3	1.3	1.3	

12	
1.3	3.1	1.1	1.1	1.1	1.1	1.1	1.1	
1.1	1.3	2.3	3.2	1.1	1.1	1.1	1.1	
1.3	1.3	1.3	1.3	1.3	1.3	1.3	1.3	
1.2	1.2	1.2	1.3	1.2	1.2	1.2	1.2	
1.1	1.1	2.2	1.1	1.3	1.1	1.1	1.1	
1.3	1.3	1.3	1.3	1.3	1.3	1.3	1.3	
2.9	0.9	0.9	0.9	0.9	0.9	1.3	0.9	
1.3	1.3	1.3	1.3	1.3	1.3	1.3	1.3	

15	
1.3	4.1	1.1	1.1	1.1	1.1	1.1	1.0	
1.1	1.3	2.3	3.2	1.1	1.1	1.1	1.1	
1.2	1.2	1.3	1.2	2.3	1.2	1.2	1.2	
1.2	1.2	1.2	1.3	1.2	1.2	1.2	1.2	
1.1	1.1	2.1	1.1	1.3	1.1	1.1	1.1	
1.3	1.3	1.3	1.3	1.3	1.3	1.3	1.3	
2.8	0.9	0.9	0.9	0.9	0.9	1.3	0.9	
1.2	1.2	1.2	1.2	1.2	1.2	1.2	1.3	

18	
1.3	4.1	1.0	1.0	1.0	1.0	1.0	1.0	
1.1	1.3	2.2	3.1	1.1	1.1	1.1	1.1	
1.1	1.1	1.3	2.2	2.2	1.1	1.1	1.1	
1.1	2.2	1.1	1.3	1.1	1.1	1.1	1.1	
1.0	1.0	2.0	1.0	1.3	1.0	1.0	1.0	
1.3	1.3	1.3	1.3	1.3	1.3	1.3	1.3	
2.7	0.9	0.9	0.9	0.9	0.9	1.3	0.9	
1.1	1.1	1.2	1.2	1.1	1.2	1.1	1.3	

21	
1.3	4.0	1.0	1.0	1.0	1.0	1.0	1.0	
2.0	1.3	2.1	5.0	1.0	1.0	1.0	1.0	
1.1	1.1	1.3	3.2	2.2	1.1	1.1	1.1	
1.0	2.0	1.0	1.3	1.0	1.0	1.0	1.0	
1.0	1.0	2.0	1.0	1.3	1.0	1.0	1.0	
1.3	1.3	1.3	1.3	1.3	1.3	1.3	1.3	
2.7	0.9	0.9	0.9	0.9	0.9	1.3	0.9	
1.1	1.1	1.1	1.1	1.1	1.1	1.1	1.3	

24	
1.3	3.9	1.0	1.0	1.0	1.0	1.0	1.0	
2.0	1.3	2.0	5.0	0.9	0.9	1.0	1.0	
1.1	1.1	1.3	3.2	2.1	1.1	1.1	1.1	
1.0	2.0	1.0	1.3	1.0	1.0	1.0	1.0	
0.9	0.9	3.0	0.9	1.3	0.9	0.9	0.9	
1.3	1.3	1.3	1.3	1.3	1.3	1.3	1.3	
2.6	0.9	0.9	0.9	0.9	0.9	1.3	0.9	
1.0	1.0	1.1	1.1	1.1	1.1	1.0	1.3	

27	
1.3	3.8	1.0	1.0	1.0	1.0	1.0	1.0	
3.0	1.3	2.0	5.0	0.9	0.9	1.0	1.0	
1.1	1.1	1.3	3.2	2.1	1.1	1.1	1.1	
1.0	1.9	0.9	1.3	2.0	1.0	1.0	1.0	
0.9	0.9	3.0	0.9	1.3	0.9	0.9	0.9	
1.3	1.3	1.3	1.3	1.3	1.3	1.3	1.3	
2.5	0.9	0.9	0.9	0.9	0.9	1.3	0.9	
1.0	1.0	1.0	1.0	1.0	1.0	1.0	1.3	

30	
1.3	3.8	1.0	1.0	1.0	1.0	1.0	1.0	
3.0	1.3	2.0	5.0	0.9	0.9	1.0	1.0	
1.1	1.1	1.3	3.2	2.1	1.1	1.1	1.1	
1.0	1.9	0.9	1.3	2.0	1.0	1.0	1.0	
0.9	0.9	3.0	0.9	1.3	0.9	0.9	0.9	
1.3	1.3	1.3	1.3	1.3	1.3	1.3	1.3	
2.5	0.9	0.9	0.9	0.9	0.9	1.3	0.9	
1.0	1.0	1.0	1.0	1.0	1.0	1.0	1.3	

33	
1.3	4.8	1.0	1.0	1.0	1.0	1.0	1.0	
2.9	1.3	1.9	5.0	0.9	0.9	1.0	1.0	
1.1	1.1	1.3	3.2	3.1	1.1	1.1	1.1	
1.0	1.8	0.9	1.3	2.9	1.0	1.0	1.0	
0.9	0.9	2.9	0.9	1.3	0.9	0.9	0.9	
1.3	1.3	1.3	1.3	1.3	1.3	1.3	1.3	
3.5	0.8	0.9	0.9	0.9	0.9	1.3	0.9	
1.0	1.0	1.0	1.0	1.0	1.0	1.0	1.3	

36	
1.3	4.8	1.0	1.0	1.0	1.0	1.0	1.0	
2.9	1.3	1.9	5.0	0.9	0.9	1.0	1.0	
1.1	1.1	1.3	3.2	4.1	1.1	1.1	1.1	
1.0	1.7	0.9	1.3	2.8	1.0	1.0	1.0	
0.9	0.9	2.7	0.9	1.3	0.9	0.9	0.9	
1.3	1.3	1.3	1.3	1.3	1.3	1.3	1.3	
3.5	0.8	0.9	0.9	0.9	0.9	1.3	0.9	
1.0	1.0	1.0	1.0	1.0	1.0	1.0	1.3	

39	
1.3	4.9	1.0	1.0	1.0	1.0	1.0	1.0	
2.9	1.3	1.9	5.0	0.8	0.9	1.0	1.0	
1.1	1.1	1.3	3.1	4.1	1.1	1.1	1.1	
0.9	2.7	0.9	1.3	2.8	1.0	1.0	1.0	
0.9	0.9	2.6	0.9	1.3	0.9	0.9	0.9	
1.3	1.3	1.3	1.3	1.3	1.3	1.3	1.3	
3.4	0.8	0.8	0.8	0.9	0.9	1.3	0.9	
1.0	1.0	1.0	1.0	1.0	1.0	1.0	1.3	

42	
1.3	4.9	1.0	1.0	1.0	1.0	1.0	1.0	
3.9	1.3	1.9	5.0	0.8	0.9	1.0	1.0	
1.0	1.1	1.3	3.0	4.1	1.1	1.1	1.0	
0.8	2.5	1.9	1.3	2.7	0.9	0.9	0.9	
0.9	0.9	3.6	0.9	1.3	0.9	0.9	0.9	
1.3	1.3	1.3	1.3	1.3	1.3	1.3	1.3	
3.4	0.8	0.8	0.8	0.9	0.9	1.3	0.9	
1.0	1.0	1.0	1.0	1.0	1.0	1.0	1.3	

45	
1.3	4.8	1.0	1.0	1.0	1.0	1.0	1.0	
3.8	1.3	1.8	5.0	0.8	0.9	0.9	0.9	
1.0	1.0	1.3	3.0	4.0	1.0	1.0	1.0	
0.8	2.5	1.9	1.3	2.7	0.9	0.9	0.9	
0.9	0.9	3.6	0.9	1.3	0.9	0.9	0.9	
1.3	1.3	1.3	1.3	1.3	1.3	1.3	1.3	
3.4	0.8	0.8	0.8	0.8	0.9	1.3	0.9	
0.9	1.0	1.0	1.0	1.0	1.0	2.0	1.3	

48	
1.3	4.7	1.0	1.0	1.0	1.0	1.0	1.0	
4.7	1.3	1.7	4.9	0.8	0.9	0.9	0.9	
1.0	1.0	1.3	3.0	4.0	1.0	1.0	1.0	
0.8	3.4	1.8	1.3	2.6	0.9	0.9	0.9	
0.9	0.9	3.6	0.9	1.3	0.9	0.9	0.9	
1.3	1.3	1.3	1.3	1.3	1.3	1.3	1.3	
3.4	0.8	0.8	0.8	0.8	0.9	1.3	0.9	
0.9	1.0	1.0	1.0	1.0	1.0	2.0	1.3	

51	
1.3	5.0	1.0	1.0	1.0	1.0	1.0	1.0	
5.0	1.3	1.7	4.9	0.8	0.9	0.9	0.9	
1.0	1.0	1.3	3.0	4.0	1.0	1.0	1.0	
0.8	3.3	1.8	1.3	2.6	0.9	0.9	0.9	
0.9	0.9	3.6	0.9	1.3	0.9	0.9	0.9	
1.3	1.3	1.3	1.3	1.3	1.3	1.3	1.3	
3.3	0.8	0.8	0.8	0.8	0.9	1.3	0.9	
0.9	1.0	1.0	1.0	1.0	1.0	3.0	1.3	

54	
1.3	5.0	1.0	1.0	1.0	1.0	1.0	1.0	
4.9	1.3	1.6	5.0	0.8	0.9	0.9	0.9	
1.0	1.0	1.3	2.9	3.9	1.0	1.0	1.0	
0.8	3.2	2.7	1.3	2.5	0.9	0.9	0.9	
0.9	0.9	3.5	0.9	1.3	0.9	0.9	0.9	
1.3	1.3	1.3	1.3	1.3	1.3	1.3	1.3	
3.3	0.8	0.8	0.8	0.8	0.9	1.3	0.9	
0.9	1.0	1.0	1.0	1.0	1.0	3.0	1.3	

57	
1.3	4.9	1.0	1.0	1.0	1.0	1.0	1.0	
5.0	1.3	2.6	5.0	0.8	0.9	0.9	0.9	
1.0	1.0	1.3	2.9	4.9	1.0	1.0	1.0	
0.8	3.2	2.7	1.3	2.5	0.9	0.9	0.9	
0.9	0.9	3.4	0.9	1.3	0.9	0.9	0.9	
1.3	1.3	1.3	1.3	1.3	1.3	1.3	1.3	
3.2	0.8	0.8	0.8	0.8	0.9	1.3	0.9	
0.9	1.0	1.0	1.0	1.0	1.0	4.0	1.3	

60	
1.3	4.9	1.0	1.0	1.0	1.0	1.0	1.0	
5.0	1.3	2.6	4.9	0.8	0.9	0.9	0.9	
1.0	1.0	1.3	2.9	4.9	1.0	1.0	1.0	
0.8	3.1	2.6	1.3	2.4	0.9	0.9	0.9	
0.9	0.9	3.4	0.9	1.3	0.9	0.9	0.9	
1.3	1.3	1.3	1.3	1.3	1.3	1.3	1.3	
3.1	0.8	0.8	0.8	0.8	0.9	1.3	0.9	
0.9	1.0	1.0	1.0	1.0	1.0	5.0	1.3	

63	
1.3	5.0	1.0	1.0	1.0	1.0	1.0	1.0	
4.9	1.3	2.5	4.8	0.8	0.9	0.9	0.9	
1.0	1.0	1.3	2.8	4.8	1.0	1.0	1.0	
0.8	3.1	3.5	1.3	2.4	0.9	0.9	0.9	
0.9	0.9	4.4	0.9	1.3	0.9	0.9	0.9	
1.3	1.3	1.3	1.3	1.3	1.3	1.3	1.3	
3.1	0.8	0.8	0.8	0.8	0.9	1.3	0.9	
0.9	1.0	1.0	1.0	1.0	1.0	5.0	1.3	

66	
1.3	5.0	1.0	1.0	1.0	1.0	1.0	1.0	
4.9	1.3	2.5	4.7	0.8	0.9	0.9	0.9	
1.0	1.0	1.3	3.8	4.7	1.0	1.0	1.0	
0.8	3.1	3.5	1.3	2.3	0.9	0.9	0.9	
0.9	0.9	4.4	0.9	1.3	0.9	0.9	0.9	
1.3	1.3	1.3	1.3	1.3	1.3	1.3	1.3	
4.1	0.8	0.8	0.8	0.8	0.9	1.3	0.9	
0.9	0.9	1.0	1.0	1.0	1.0	5.0	1.3	

69	
1.3	4.8	1.0	1.0	1.0	1.0	1.0	1.0	
4.9	1.3	2.3	5.0	0.8	0.9	0.9	0.9	
1.0	1.0	1.3	3.8	5.0	1.0	1.0	1.0	
0.8	3.1	3.5	1.3	2.2	0.9	0.9	0.9	
0.9	0.9	4.3	0.9	1.3	0.9	0.9	0.9	
1.3	1.3	1.3	1.3	1.3	1.3	1.3	1.3	
4.1	0.8	0.8	0.8	0.8	0.9	1.3	0.9	
0.9	0.9	1.0	1.0	1.0	1.0	5.0	1.3	

72	
1.3	5.0	1.0	1.0	1.0	1.0	1.0	1.0	
4.9	1.3	2.3	5.0	0.8	0.9	0.9	0.9	
1.0	1.0	1.3	4.8	5.0	1.0	1.0	1.0	
0.8	3.0	3.4	1.3	2.1	0.9	0.9	0.9	
0.9	0.9	4.2	0.9	1.3	0.9	0.9	0.9	
1.3	1.3	1.3	1.3	1.3	1.3	1.3	1.3	
4.0	0.8	0.8	0.8	0.8	0.9	1.3	0.9	
0.9	0.9	0.9	0.9	1.0	1.0	5.0	1.3	

75	
1.3	5.0	1.0	1.0	1.0	1.0	1.0	1.0	
4.9	1.3	2.3	5.0	0.8	0.9	0.9	0.9	
1.0	1.0	1.3	4.8	5.0	1.0	1.0	1.0	
0.8	3.0	3.3	1.3	2.1	0.9	0.9	0.9	
0.9	0.9	4.0	0.9	1.3	0.9	0.9	0.9	
1.3	1.3	1.3	1.3	1.3	1.3	1.3	1.3	
4.0	0.8	0.8	0.8	0.8	0.9	1.3	0.9	
0.9	0.9	0.9	0.9	1.0	1.0	5.0	1.3	

78	
1.3	4.9	1.0	1.0	1.0	1.0	1.0	1.0	
4.8	1.3	2.2	4.9	0.8	0.9	0.9	0.9	
1.0	1.0	1.3	4.8	5.0	1.0	1.0	1.0	
0.8	4.0	3.2	1.3	3.1	0.9	0.9	0.9	
0.9	0.9	3.9	0.9	1.3	0.9	0.9	0.9	
1.3	1.3	1.3	1.3	1.3	1.3	1.3	1.3	
4.0	0.8	0.8	0.8	0.8	0.9	1.3	0.9	
0.9	0.9	0.9	0.9	0.9	1.0	5.0	1.3	

81	
1.3	4.9	1.0	1.0	1.0	1.0	1.0	1.0	
5.0	1.3	2.2	5.0	0.8	0.9	0.9	0.9	
1.0	1.0	1.3	4.8	5.0	1.0	1.0	1.0	
0.8	3.8	3.1	1.3	4.0	0.9	0.9	0.9	
0.9	0.9	4.8	0.9	1.3	0.9	0.9	0.9	
1.3	1.3	1.3	1.3	1.3	1.3	1.3	1.3	
4.0	0.8	0.8	0.8	0.8	0.9	1.3	0.9	
0.9	0.9	0.9	0.9	0.9	1.0	5.0	1.3	

84	
1.3	4.9	1.0	1.0	1.0	1.0	1.0	1.0	
5.0	1.3	2.2	5.0	0.8	0.9	0.9	0.9	
1.0	1.0	1.3	4.7	5.0	1.0	1.0	1.0	
0.8	3.8	3.1	1.3	4.0	0.9	0.9	0.9	
0.9	0.9	4.6	0.9	1.3	0.9	0.9	0.9	
1.3	1.3	1.3	1.3	1.3	1.3	1.3	1.3	
4.0	0.8	0.8	0.8	0.8	0.9	1.3	0.9	
0.9	0.9	0.9	0.9	0.9	1.0	5.0	1.3	

87	
1.3	4.8	1.0	1.0	1.0	1.0	1.0	1.0	
4.9	1.3	2.2	5.0	0.8	0.9	0.9	0.9	
1.0	1.0	1.3	4.6	5.0	1.0	1.0	1.0	
0.8	4.7	3.0	1.3	3.9	0.9	0.9	0.9	
0.9	0.9	4.4	0.9	1.3	0.9	0.9	0.9	
1.3	1.3	1.3	1.3	1.3	1.3	1.3	1.3	
4.0	0.8	0.8	0.8	0.8	0.9	1.3	0.9	
0.9	0.9	0.9	0.9	0.9	1.0	5.0	1.3	

90	
1.3	5.0	1.0	1.0	1.0	1.0	1.0	1.0	
5.0	1.3	2.2	4.9	0.8	0.9	0.9	0.9	
1.0	1.0	1.3	4.6	5.0	1.0	1.0	1.0	
0.8	4.5	2.9	1.3	3.9	0.9	0.9	0.9	
0.9	0.9	4.2	0.9	1.3	0.9	0.9	0.9	
1.3	1.3	1.3	1.3	1.3	1.3	1.3	1.3	
4.0	0.8	0.8	0.8	0.8	0.9	1.3	0.9	
0.9	0.9	0.9	0.9	0.9	1.0	5.0	1.3	

93	
1.3	5.0	1.0	1.0	1.0	1.0	1.0	1.0	
4.9	1.3	2.1	4.9	0.8	0.9	0.9	0.9	
0.9	2.0	1.3	4.5	5.0	1.0	1.0	1.0	
0.8	4.5	2.9	1.3	3.8	0.9	0.9	0.9	
0.9	0.9	4.1	0.9	1.3	0.9	0.9	0.9	
1.3	1.3	1.3	1.3	1.3	1.3	1.3	1.3	
4.0	0.8	0.8	0.8	0.8	0.9	1.3	0.9	
0.9	0.9	0.9	0.9	0.9	1.0	5.0	1.3	

96	
1.3	4.9	1.0	1.0	1.0	1.0	1.0	1.0	
5.0	1.3	2.0	4.8	0.8	0.9	0.9	0.9	
0.9	2.0	1.3	4.5	5.0	1.0	1.0	1.0	
0.8	4.5	2.9	1.3	3.7	0.8	0.8	0.8	
0.9	0.9	4.0	0.9	1.3	0.9	0.9	0.9	
1.3	1.3	1.3	1.3	1.3	1.3	1.3	1.3	
4.0	0.8	0.8	0.8	0.8	0.9	1.3	0.9	
0.9	0.9	0.9	0.9	0.9	1.0	5.0	1.3	

99	
1.3	4.8	1.0	1.0	1.0	1.0	1.0	1.0	
5.0	1.3	1.9	4.7	0.8	0.9	0.9	0.9	
0.9	1.9	1.3	4.5	5.0	1.0	1.0	1.0	
0.8	4.4	3.9	1.3	3.6	0.8	0.8	0.8	
0.9	0.9	3.9	0.9	1.3	0.9	0.9	0.9	
1.3	1.3	1.3	1.3	1.3	1.3	1.3	1.3	
4.0	0.8	0.8	0.8	0.8	0.9	1.3	0.9	
0.9	0.9	0.9	0.9	0.9	1.0	5.0	1.3	

102	
1.3	5.0	0.9	0.9	1.0	1.0	1.0	1.0	
4.9	1.3	1.9	5.0	0.8	0.9	0.9	0.9	
0.9	1.8	1.3	4.4	4.9	1.0	1.0	1.0	
0.8	4.3	3.8	1.3	3.5	0.8	0.8	0.8	
0.9	0.9	4.9	0.9	1.3	0.9	0.9	0.9	
1.3	1.3	1.3	1.3	1.3	1.3	1.3	1.3	
4.0	0.8	0.8	0.8	0.8	0.9	1.3	0.9	
0.9	0.9	0.9	0.9	0.9	1.0	5.0	1.3	

105	
1.3	4.9	0.9	0.9	1.0	1.0	1.0	1.0	
4.9	1.3	1.9	5.0	0.8	0.9	0.9	0.9	
0.9	1.8	1.3	4.3	4.9	1.0	1.0	1.0	
0.8	5.0	3.8	1.3	3.5	0.8	0.8	0.8	
0.9	0.9	4.8	0.9	1.3	0.9	0.9	0.9	
1.3	1.3	1.3	1.3	1.3	1.3	1.3	1.3	
4.0	0.8	0.8	0.8	0.8	0.9	1.3	0.9	
0.9	0.9	0.9	0.9	0.9	1.0	5.0	1.3	

108	
1.3	5.0	0.9	0.9	0.9	1.0	1.0	1.0	
4.8	1.3	2.8	4.8	0.8	0.9	0.9	0.9	
0.9	1.7	1.3	4.2	4.8	1.0	1.0	1.0	
0.8	4.9	3.7	1.3	3.5	0.8	0.8	0.8	
0.9	0.9	4.8	0.9	1.3	0.9	0.9	0.9	
1.3	1.3	1.3	1.3	1.3	1.3	1.3	1.3	
4.0	0.8	0.8	0.8	0.8	0.9	1.3	0.9	
0.9	0.9	0.9	0.9	0.9	1.0	5.0	1.3	

111	
1.3	5.0	0.9	0.9	0.9	1.0	1.0	1.0	
5.0	1.3	2.8	4.8	0.8	0.9	0.9	0.9	
0.9	1.7	1.3	4.2	5.0	1.0	1.0	1.0	
0.8	4.8	3.7	1.3	3.5	0.8	0.8	0.8	
0.9	0.9	4.7	0.9	1.3	0.9	0.9	0.9	
1.3	1.3	1.3	1.3	1.3	1.3	1.3	1.3	
4.0	0.8	0.8	0.8	0.8	0.9	1.3	0.9	
0.9	0.9	0.9	0.9	0.9	1.0	5.0	1.3	

114	
1.3	5.0	0.9	0.9	0.9	1.0	1.0	1.0	
5.0	1.3	2.7	5.0	0.8	0.9	0.9	0.9	
0.9	1.7	1.3	4.2	5.0	1.0	1.0	1.0	
0.8	4.8	3.7	1.3	3.5	0.8	0.8	0.8	
0.9	0.9	4.6	0.9	1.3	0.9	0.9	0.9	
1.3	1.3	1.3	1.3	1.3	1.3	1.3	1.3	
4.0	0.8	0.8	0.8	0.8	0.9	1.3	0.9	
0.9	0.9	0.9	0.9	0.9	1.0	5.0	1.3	

117	
1.3	4.8	0.9	0.9	0.9	1.0	1.0	1.0	
5.0	1.3	2.6	5.0	0.8	0.9	0.9	0.9	
0.9	1.5	1.3	4.9	4.8	1.0	1.0	1.0	
0.8	4.8	4.7	1.3	3.5	0.8	0.8	0.8	
0.9	0.9	4.6	0.9	1.3	0.9	0.9	0.9	
1.3	1.3	1.3	1.3	1.3	1.3	1.3	1.3	
4.0	0.8	0.8	0.8	0.8	0.9	1.3	0.9	
0.9	0.9	0.9	0.9	0.9	1.0	5.0	1.3	

120	
1.3	4.8	0.9	0.9	0.9	1.0	1.0	1.0	
5.0	1.3	2.6	5.0	0.8	0.9	0.9	0.9	
0.9	1.4	1.3	4.9	4.6	1.0	1.0	1.0	
0.8	4.6	4.5	1.3	3.3	0.8	0.8	0.8	
0.9	0.9	5.0	0.9	1.3	0.9	0.9	0.9	
1.3	1.3	1.3	1.3	1.3	1.3	1.3	1.3	
3.9	0.8	0.8	0.8	0.8	0.9	1.3	0.9	
0.9	0.9	0.9	0.9	0.9	1.0	5.0	1.3	

123	
1.3	5.0	0.9	0.9	0.9	1.0	1.0	1.0	
4.9	1.3	2.5	4.9	0.8	0.9	0.9	0.9	
0.9	1.4	1.3	4.9	4.6	1.0	1.0	1.0	
0.8	4.6	4.5	1.3	3.3	0.8	0.8	0.8	
0.9	0.9	5.0	0.9	1.3	0.9	0.9	0.9	
1.3	1.3	1.3	1.3	1.3	1.3	1.3	1.3	
3.9	0.8	0.8	0.8	0.8	0.9	1.3	0.9	
0.9	0.9	0.9	0.9	0.9	1.0	5.0	1.3	

126	
1.3	5.0	0.9	0.9	0.9	1.0	1.0	1.0	
4.9	1.3	2.5	5.0	0.8	0.9	0.9	0.9	
0.9	1.4	1.3	4.9	4.6	1.0	1.0	1.0	
0.8	4.5	4.3	1.3	4.3	0.8	0.8	0.8	
0.9	0.9	5.0	0.9	1.3	0.9	0.9	0.9	
1.3	1.3	1.3	1.3	1.3	1.3	1.3	1.3	
3.8	0.8	0.8	0.8	0.8	0.9	1.3	0.9	
0.9	0.9	0.9	0.9	0.9	1.0	5.0	1.3	

129	
1.3	4.9	0.9	0.9	0.9	1.0	1.0	1.0	
4.9	1.3	2.4	5.0	0.8	0.9	0.9	0.9	
0.9	1.4	1.3	4.9	5.0	1.0	1.0	1.0	
0.8	4.4	4.2	1.3	5.0	0.8	0.8	0.8	
0.9	0.9	4.9	0.9	1.3	0.9	0.9	0.9	
1.3	1.3	1.3	1.3	1.3	1.3	1.3	1.3	
3.8	0.8	0.8	0.8	0.8	0.9	1.3	0.9	
0.9	0.9	0.9	0.9	0.9	1.0	5.0	1.3	

132	
1.3	4.9	0.9	0.9	0.9	1.0	1.0	1.0	
4.9	1.3	2.4	5.0	0.8	0.9	0.9	0.9	
0.9	1.4	1.3	4.9	5.0	1.0	1.0	1.0	
0.8	4.3	4.1	1.3	4.9	0.8	0.8	0.8	
0.9	0.9	4.7	0.9	1.3	0.9	0.9	0.9	
1.3	1.3	1.3	1.3	1.3	1.3	1.3	1.3	
3.7	0.8	0.8	0.8	0.8	0.9	1.3	0.9	
0.9	0.9	0.9	0.9	0.9	1.0	5.0	1.3	

135	
1.3	4.9	0.9	0.9	0.9	1.0	1.0	1.0	
4.9	1.3	2.4	4.9	0.8	0.9	0.9	0.9	
0.9	1.4	1.3	4.8	5.0	1.0	1.0	1.0	
0.8	5.0	5.0	1.3	4.8	0.8	0.8	0.8	
0.9	0.9	4.5	0.9	1.3	0.9	0.9	0.9	
1.3	1.3	1.3	1.3	1.3	1.3	1.3	1.3	
4.7	0.8	0.8	0.8	0.8	0.9	1.3	0.9	
0.9	0.9	0.9	0.9	0.9	1.0	5.0	1.3	

138	
1.3	4.8	0.9	0.9	0.9	1.0	1.0	1.0	
5.0	1.3	2.4	4.8	0.8	0.9	0.9	0.9	
0.9	1.4	1.3	4.8	5.0	1.0	1.0	1.0	
0.8	4.9	4.9	1.3	4.8	0.8	0.8	0.8	
0.9	0.9	4.4	0.9	1.3	0.9	0.9	0.9	
1.3	1.3	1.3	1.3	1.3	1.3	1.3	1.3	
4.7	0.8	0.8	0.8	0.8	0.9	1.3	0.9	
0.9	0.9	0.9	0.9	0.9	1.0	5.0	1.3	

141	
1.3	5.0	0.9	0.9	0.9	1.0	1.0	1.0	
5.0	1.3	2.3	4.7	0.8	0.9	0.9	0.9	
0.9	1.3	1.3	4.7	4.9	1.0	1.0	1.0	
0.8	4.8	4.9	1.3	4.8	0.8	0.8	0.8	
0.9	0.9	5.0	0.9	1.3	0.9	0.9	0.9	
1.3	1.3	1.3	1.3	1.3	1.3	1.3	1.3	
4.6	0.8	0.8	0.8	0.8	0.9	1.3	0.9	
0.9	0.9	0.9	0.9	0.9	1.0	5.0	1.3	

144	
1.3	5.0	0.9	0.9	0.9	1.0	1.0	1.0	
5.0	1.3	2.3	4.7	0.8	0.9	0.9	0.9	
0.9	1.3	1.3	4.7	5.0	1.0	1.0	1.0	
0.8	4.8	4.9	1.3	4.8	0.8	0.8	0.8	
0.9	0.9	4.9	0.9	1.3	0.9	0.9	0.9	
1.3	1.3	1.3	1.3	1.3	1.3	1.3	1.3	
4.6	0.8	0.8	0.8	0.8	0.9	1.3	0.9	
0.9	0.9	0.9	0.9	0.9	1.0	5.0	1.3	

147	
1.3	4.7	0.9	0.9	0.9	1.0	1.0	1.0	
5.0	1.3	3.3	4.6	0.8	0.9	0.9	0.9	
0.9	1.2	1.3	4.6	4.8	1.0	1.0	1.0	
0.8	4.8	5.0	1.3	4.8	0.8	0.8	0.8	
0.9	0.9	4.9	0.9	1.3	0.9	0.9	0.9	
1.3	1.3	1.3	1.3	1.3	1.3	1.3	1.3	
4.6	0.8	0.8	0.8	0.8	0.9	1.3	0.9	
0.9	0.9	0.9	0.9	0.9	1.0	5.0	1.3	

150	
1.3	5.0	0.9	0.9	0.9	1.0	1.0	1.0	
4.8	1.3	3.1	4.5	0.8	0.9	0.9	0.9	
0.9	2.2	1.3	4.5	5.0	1.0	1.0	1.0	
0.8	4.8	5.0	1.3	4.8	0.8	0.8	0.8	
0.9	0.9	4.7	0.9	1.3	0.9	0.9	0.9	
1.3	1.3	1.3	1.3	1.3	1.3	1.3	1.3	
4.6	0.8	0.8	0.8	0.8	0.9	1.3	0.9	
0.9	0.9	0.9	0.9	0.9	1.0	5.0	1.3	

153	
1.3	5.0	0.9	0.9	0.9	1.0	1.0	1.0	
5.0	1.3	3.1	4.5	0.8	0.9	0.9	0.9	
0.9	2.1	1.3	4.5	5.0	1.0	1.0	1.0	
0.8	4.8	5.0	1.3	4.8	0.8	0.8	0.8	
0.9	0.9	4.6	0.9	1.3	0.9	0.9	0.9	
1.3	1.3	1.3	1.3	1.3	1.3	1.3	1.3	
4.6	0.8	0.8	0.8	0.8	0.9	1.3	0.9	
0.9	0.9	0.9	0.9	0.9	1.0	5.0	1.3	

156	
1.3	4.9	0.9	0.9	0.9	1.0	1.0	1.0	
5.0	1.3	4.0	5.0	0.8	0.9	0.9	0.9	
0.9	1.9	1.3	4.3	4.8	1.0	1.0	1.0	
0.8	4.8	5.0	1.3	4.7	0.8	0.8	0.8	
0.9	0.9	4.6	0.9	1.3	0.9	0.9	0.9	
1.3	1.3	1.3	1.3	1.3	1.3	1.3	1.3	
4.6	0.8	0.8	0.8	0.8	0.9	1.3	0.9	
0.9	0.9	0.9	0.9	0.9	1.0	5.0	1.3	

159	
1.3	4.8	0.9	0.9	0.9	1.0	1.0	1.0	
4.9	1.3	4.0	5.0	0.8	0.9	0.9	0.9	
0.9	1.8	1.3	4.2	4.7	1.0	1.0	1.0	
0.8	4.8	5.0	1.3	4.6	0.8	0.8	0.8	
0.9	0.9	5.0	0.9	1.3	0.9	0.9	0.9	
1.3	1.3	1.3	1.3	1.3	1.3	1.3	1.3	
4.6	0.8	0.8	0.8	0.8	0.9	1.3	0.9	
0.9	0.9	0.9	0.9	0.9	1.0	5.0	1.3	

162	
1.3	4.8	0.9	0.9	0.9	1.0	1.0	1.0	
4.9	1.3	4.0	5.0	0.8	0.9	0.9	0.9	
0.9	1.8	1.3	4.2	4.7	1.0	1.0	1.0	
0.8	4.7	4.9	1.3	4.5	0.8	0.8	0.8	
0.9	0.9	5.0	0.9	1.3	0.9	0.9	0.9	
1.3	1.3	1.3	1.3	1.3	1.3	1.3	1.3	
4.6	0.8	0.8	0.8	0.8	0.9	1.3	0.9	
0.9	0.9	0.9	0.9	0.9	1.0	5.0	1.3	

165	
1.3	4.8	0.9	0.9	0.9	1.0	1.0	1.0	
4.9	1.3	3.9	5.0	0.8	0.9	0.9	0.9	
0.9	1.8	1.3	5.0	4.7	1.0	1.0	1.0	
0.8	4.7	4.9	1.3	4.5	0.8	0.8	0.8	
0.9	0.9	5.0	0.9	1.3	0.9	0.9	0.9	
1.3	1.3	1.3	1.3	1.3	1.3	1.3	1.3	
4.5	0.8	0.8	0.8	0.8	0.9	1.3	0.9	
0.9	0.9	0.9	0.9	0.9	1.0	5.0	1.3	

168	
1.3	4.8	0.9	0.9	0.9	1.0	1.0	1.0	
4.8	1.3	4.9	4.9	0.8	0.9	0.9	0.9	
0.9	1.6	1.3	5.0	4.9	1.0	1.0	1.0	
0.8	4.9	4.6	1.3	4.5	0.8	0.8	0.8	
0.9	0.9	5.0	0.9	1.3	0.9	0.9	0.9	
1.3	1.3	1.3	1.3	1.3	1.3	1.3	1.3	
5.0	0.8	0.8	0.8	0.8	0.9	1.3	0.9	
0.9	0.9	0.9	0.9	0.9	1.0	5.0	1.3	

171	
1.3	4.7	0.9	0.9	0.9	1.0	1.0	1.0	
5.0	1.3	4.9	4.9	0.8	0.9	0.9	0.9	
0.9	1.6	1.3	5.0	5.0	1.0	1.0	1.0	
0.8	4.8	4.6	1.3	4.4	0.8	0.8	0.8	
0.9	0.9	4.8	0.9	1.3	0.9	0.9	0.9	
1.3	1.3	1.3	1.3	1.3	1.3	1.3	1.3	
5.0	0.8	0.8	0.8	0.8	0.9	1.3	0.9	
0.9	0.9	0.9	0.9	0.9	1.0	5.0	1.3	

174	
1.3	5.0	0.9	0.9	0.9	1.0	1.0	1.0	
5.0	1.3	4.8	4.8	0.8	0.9	0.9	0.9	
0.9	1.6	1.3	5.0	5.0	1.0	1.0	1.0	
0.8	4.8	4.5	1.3	5.0	0.8	0.8	0.8	
0.9	0.9	4.7	0.9	1.3	0.9	0.9	0.9	
1.3	1.3	1.3	1.3	1.3	1.3	1.3	1.3	
4.9	0.8	0.8	0.8	0.8	0.9	1.3	0.9	
0.9	0.9	0.9	0.9	0.9	1.0	5.0	1.3	

177	
1.3	4.9	0.9	0.9	0.9	1.0	1.0	1.0	
5.0	1.3	5.0	4.8	0.8	0.9	0.9	0.9	
0.9	1.5	1.3	4.9	4.9	1.0	1.0	1.0	
0.8	4.8	4.5	1.3	5.0	0.8	0.8	0.8	
0.9	0.9	4.6	0.9	1.3	0.9	0.9	0.9	
1.3	1.3	1.3	1.3	1.3	1.3	1.3	1.3	
4.9	0.8	0.8	0.8	0.8	0.9	1.3	0.9	
0.9	0.9	0.9	0.9	0.9	1.0	5.0	1.3	

180	
1.3	4.8	0.9	0.9	0.9	1.0	1.0	1.0	
5.0	1.3	4.9	5.0	0.8	0.9	0.9	0.9	
0.9	1.4	1.3	4.8	5.0	1.0	1.0	1.0	
0.8	4.8	4.5	1.3	5.0	0.8	0.8	0.8	
0.9	0.9	4.9	0.9	1.3	0.9	0.9	0.9	
1.3	1.3	1.3	1.3	1.3	1.3	1.3	1.3	
4.9	0.8	0.8	0.8	0.8	0.9	1.3	0.9	
0.9	0.9	0.9	0.9	0.9	1.0	5.0	1.3	

183	
1.3	5.0	0.9	0.9	0.9	1.0	1.0	1.0	
4.9	1.3	4.8	5.0	0.8	0.9	0.9	0.9	
0.9	1.4	1.3	4.8	5.0	1.0	1.0	1.0	
0.8	4.8	4.4	1.3	5.0	0.8	0.8	0.8	
0.9	0.9	4.9	0.9	1.3	0.9	0.9	0.9	
1.3	1.3	1.3	1.3	1.3	1.3	1.3	1.3	
4.9	0.8	0.8	0.8	0.8	0.9	1.3	0.9	
0.9	0.9	0.9	0.9	0.9	1.0	5.0	1.3	

186	
1.3	5.0	0.9	0.9	0.9	1.0	1.0	1.0	
4.7	1.3	4.8	5.0	0.8	0.9	0.9	0.9	
0.9	2.4	1.3	4.6	5.0	1.0	1.0	1.0	
0.8	5.0	4.4	1.3	4.9	0.8	0.8	0.8	
0.9	0.9	4.7	0.9	1.3	0.9	0.9	0.9	
1.3	1.3	1.3	1.3	1.3	1.3	1.3	1.3	
4.9	0.8	0.8	0.8	0.8	0.9	1.3	0.9	
0.9	0.9	0.9	0.9	0.9	1.0	5.0	1.3	

189	
1.3	4.9	0.9	0.9	0.9	1.0	1.0	1.0	
5.0	1.3	4.7	5.0	0.8	0.8	0.8	0.8	
0.9	2.2	1.3	4.5	5.0	1.0	1.0	1.0	
0.8	4.8	4.3	1.3	4.8	0.8	0.8	0.8	
0.9	0.9	4.6	0.9	1.3	0.9	0.9	0.9	
1.3	1.3	1.3	1.3	1.3	1.3	1.3	1.3	
4.9	0.8	0.8	0.8	0.8	0.8	1.3	0.8	
0.9	0.9	0.9	0.9	0.9	1.0	5.0	1.3	

192	
1.3	4.9	0.9	0.9	0.9	1.0	1.0	1.0	
5.0	1.3	4.7	5.0	0.8	0.8	0.8	0.8	
0.9	2.2	1.3	4.5	5.0	1.0	1.0	1.0	
0.8	4.7	4.2	1.3	4.6	0.8	0.8	0.8	
0.9	0.9	4.5	0.9	1.3	0.9	0.9	0.9	
1.3	1.3	1.3	1.3	1.3	1.3	1.3	1.3	
4.9	0.8	0.8	0.8	0.8	0.8	1.3	0.8	
0.9	0.9	0.9	0.9	0.9	1.0	5.0	1.3	

195	
1.3	4.8	0.9	0.9	0.9	1.0	1.0	1.0	
5.0	1.3	4.7	5.0	0.8	0.8	0.8	0.8	
0.9	2.2	1.3	4.5	5.0	1.0	1.0	1.0	
0.8	4.6	4.1	1.3	4.5	0.8	0.8	0.8	
0.9	0.9	4.5	0.9	1.3	0.9	0.9	0.9	
1.3	1.3	1.3	1.3	1.3	1.3	1.3	1.3	
4.9	0.8	0.8	0.8	0.8	0.8	1.3	0.8	
0.9	0.9	0.9	0.9	0.9	1.0	5.0	1.3	

198	
1.3	5.0	0.9	0.9	0.9	1.0	1.0	1.0	
4.8	1.3	4.6	4.8	0.8	0.8	0.8	0.8	
0.9	2.1	1.3	4.4	4.9	1.0	1.9	1.0	
0.7	5.0	4.0	1.3	4.5	0.8	0.8	0.8	
0.8	1.9	4.4	0.8	1.3	0.9	0.9	0.9	
1.3	1.3	1.3	1.3	1.3	1.3	1.3	1.3	
4.9	0.8	0.8	0.8	0.8	0.8	1.3	0.8	
0.9	0.9	0.9	0.9	0.9	1.0	5.0	1.3	

201	
1.3	5.0	0.9	0.9	0.9	1.0	1.0	1.0	
5.0	1.3	4.6	4.7	0.8	0.8	0.8	0.8	
0.9	2.1	1.3	4.4	4.9	1.0	2.9	1.0	
0.7	4.9	5.0	1.3	4.4	0.8	0.8	0.8	
0.8	1.8	4.4	0.8	1.3	0.9	0.9	0.9	
1.3	1.3	1.3	1.3	1.3	1.3	1.3	1.3	
4.8	0.8	0.8	0.8	0.8	0.8	1.3	0.8	
0.9	0.9	0.9	0.9	0.9	1.0	4.9	1.3	

204	
1.3	5.0	0.9	0.9	0.9	1.0	0.9	1.0	
5.0	1.3	5.0	4.6	0.8	0.8	0.8	0.8	
0.9	2.1	1.3	4.4	4.9	1.0	2.9	1.0	
0.7	4.9	5.0	1.3	4.3	0.8	0.8	0.8	
0.8	1.8	4.4	0.8	1.3	0.9	0.9	0.9	
1.3	1.3	1.3	1.3	1.3	1.3	1.3	1.3	
4.8	0.8	0.8	0.8	0.8	0.8	1.3	0.8	
0.9	0.9	0.9	0.9	0.9	1.0	4.9	1.3	

207	
1.3	4.8	0.9	0.9	0.9	1.0	0.9	1.0	
5.0	1.3	5.0	4.6	0.8	0.8	0.8	0.8	
0.9	2.1	1.3	4.4	4.9	1.0	2.9	1.0	
0.7	4.9	5.0	1.3	4.3	0.8	0.8	0.8	
0.8	1.8	4.4	0.8	1.3	0.9	0.9	0.9	
1.3	1.3	1.3	1.3	1.3	1.3	1.3	1.3	
5.0	0.8	0.8	0.8	0.8	0.8	1.3	0.8	
0.9	0.9	0.9	0.9	0.9	1.0	4.9	1.3	

210	
1.3	4.8	0.9	0.9	0.9	1.0	0.9	1.0	
4.9	1.3	5.0	4.6	0.8	0.8	0.8	0.8	
0.9	1.9	1.3	4.3	4.9	1.0	2.8	1.0	
0.7	4.9	5.0	1.3	4.3	0.8	0.8	0.8	
0.8	1.8	4.3	0.8	1.3	0.9	1.9	0.9	
1.3	1.3	1.3	1.3	1.3	1.3	1.3	1.3	
5.0	0.8	0.8	0.8	0.8	0.8	1.3	0.8	
0.9	0.9	0.9	0.9	0.9	1.0	4.9	1.3	

213	
1.3	5.0	0.9	0.9	0.9	1.0	0.9	1.0	
4.8	1.3	4.8	4.5	0.8	0.8	0.8	0.8	
0.9	1.9	1.3	5.0	5.0	1.0	2.7	1.0	
0.7	4.9	5.0	1.3	4.3	0.8	0.8	0.8	
0.8	1.7	4.2	0.8	1.3	0.9	2.9	0.9	
1.3	1.3	1.3	1.3	1.3	1.3	1.3	1.3	
4.8	0.8	0.8	0.8	0.8	0.8	1.3	0.8	
0.9	0.9	0.9	0.9	0.9	1.0	4.9	1.3	

216	
1.3	5.0	0.9	0.9	0.9	1.0	0.9	1.0	
4.8	1.3	4.8	4.5	0.8	0.8	0.8	0.8	
0.9	1.8	1.3	5.0	4.9	1.0	2.7	1.0	
0.7	4.9	5.0	1.3	4.3	0.8	0.8	0.8	
0.8	1.7	4.2	0.8	1.3	0.9	2.9	0.9	
1.3	1.3	1.3	1.3	1.3	1.3	1.3	1.3	
4.8	0.8	0.8	0.8	0.8	0.8	1.3	0.8	
0.9	0.9	0.9	0.9	0.9	1.0	4.9	1.3	

219	
1.3	4.9	0.9	0.9	0.9	1.0	0.9	1.0	
4.8	1.3	4.7	5.0	0.8	0.8	0.8	0.8	
0.9	1.8	1.3	4.9	4.7	1.0	2.7	1.0	
0.7	4.8	4.9	1.3	4.2	0.8	0.8	0.8	
0.8	1.6	5.0	0.8	1.3	0.9	3.8	0.9	
1.3	1.3	1.3	1.3	1.3	1.3	1.3	1.3	
4.7	0.8	0.8	0.8	0.8	0.8	1.3	0.8	
0.9	0.9	0.9	0.9	0.9	1.0	4.9	1.3	

222	
1.3	4.9	0.9	0.9	0.9	1.0	0.9	1.0	
4.8	1.3	4.7	5.0	0.8	0.8	0.8	0.8	
0.9	1.7	1.3	4.9	5.0	1.0	2.6	1.0	
0.7	4.6	4.7	1.3	4.0	0.8	0.8	0.8	
0.8	1.6	5.0	0.8	1.3	0.9	4.8	0.9	
1.3	1.3	1.3	1.3	1.3	1.3	1.3	1.3	
4.6	0.8	0.8	0.8	0.8	0.8	1.3	0.8	
0.9	0.9	0.9	0.9	0.9	1.0	4.9	1.3	

225	
1.3	4.9	0.9	0.9	0.9	1.0	0.9	1.0	
4.8	1.3	4.7	5.0	0.8	0.8	0.8	0.8	
0.9	1.7	1.3	4.9	5.0	1.0	2.5	1.0	
0.7	4.5	4.6	1.3	5.0	0.8	0.8	0.8	
0.8	1.5	4.9	0.8	1.3	0.9	4.7	0.9	
1.3	1.3	1.3	1.3	1.3	1.3	1.3	1.3	
4.6	0.8	0.8	0.8	0.8	0.8	1.3	0.8	
0.9	0.9	0.9	0.9	0.9	1.0	4.9	1.3	

228	
1.3	4.8	0.9	0.9	0.9	1.0	0.9	1.0	
4.7	1.3	4.7	4.8	0.8	0.8	0.8	0.8	
0.9	1.6	1.3	4.9	5.0	1.0	2.3	1.0	
0.7	4.9	5.0	1.3	4.9	0.8	0.8	0.8	
0.8	1.4	4.7	0.8	1.3	0.9	4.6	0.9	
1.3	1.3	1.3	1.3	1.3	1.3	1.3	1.3	
5.0	0.8	0.8	0.8	0.8	0.8	1.3	0.8	
0.9	0.9	0.9	0.9	0.9	1.0	4.9	1.3	

231	
1.3	4.8	0.9	0.9	0.9	1.0	0.9	1.0	
5.0	1.3	4.7	4.8	0.8	0.8	0.8	0.8	
0.9	1.6	1.3	4.9	5.0	1.0	2.3	1.0	
0.7	4.8	5.0	1.3	4.9	0.8	0.8	0.8	
0.8	1.3	4.6	0.8	1.3	0.9	4.5	0.9	
1.3	1.3	1.3	1.3	1.3	1.3	1.3	1.3	
5.0	0.8	0.8	0.8	0.8	0.8	1.3	0.8	
0.9	0.9	0.9	0.9	0.9	1.0	4.9	1.3	

234	
1.3	5.0	0.9	0.9	0.9	1.0	0.9	1.0	
4.9	1.3	4.6	4.7	0.8	0.8	0.8	0.8	
0.9	1.6	1.3	4.8	5.0	1.0	2.3	1.0	
0.7	4.8	5.0	1.3	4.9	0.8	0.8	0.8	
0.8	2.2	4.4	0.8	1.3	0.9	4.5	0.9	
1.3	1.3	1.3	1.3	1.3	1.3	1.3	1.3	
4.9	0.8	0.8	0.8	0.8	0.8	1.3	0.8	
0.9	0.9	0.9	0.9	0.9	1.0	4.9	1.3	

237	
1.3	4.9	0.9	0.9	0.9	1.0	0.9	1.0	
5.0	1.3	4.6	4.7	0.8	0.8	0.8	0.8	
0.9	1.6	1.3	4.6	4.8	1.0	2.2	1.0	
0.7	4.8	5.0	1.3	4.9	0.8	0.8	0.8	
0.8	2.0	5.0	0.8	1.3	0.9	4.3	0.9	
1.3	1.3	1.3	1.3	1.3	1.3	1.3	1.3	
4.9	0.8	0.8	0.8	0.8	0.8	1.3	0.8	
0.9	0.9	0.9	0.9	0.9	1.0	4.9	1.3	

240	
1.3	5.0	0.9	0.9	0.9	1.0	0.9	1.0	
4.9	1.3	4.4	4.9	0.8	0.8	0.8	0.8	
0.9	1.5	1.3	4.6	5.0	1.0	2.2	1.0	
0.7	4.8	5.0	1.3	4.9	0.8	0.8	0.8	
0.8	2.0	4.9	0.8	1.3	0.9	4.3	0.9	
1.3	1.3	1.3	1.3	1.3	1.3	1.3	1.3	
4.9	0.8	0.8	0.8	0.8	0.8	1.3	0.8	
0.9	0.9	0.9	0.9	0.9	1.0	4.9	1.3	

243	
1.3	4.9	0.9	0.9	0.9	1.0	0.9	1.0	
5.0	1.3	4.4	5.0	0.8	0.8	0.8	0.8	
0.9	1.5	1.3	4.6	5.0	1.0	2.2	1.0	
0.7	4.7	4.9	1.3	4.8	0.8	0.8	0.8	
0.8	1.9	4.9	0.8	1.3	0.9	4.2	0.9	
1.3	1.3	1.3	1.3	1.3	1.3	1.3	1.3	
4.9	0.8	0.8	0.8	0.8	0.8	1.3	0.8	
0.9	0.9	0.9	0.9	0.9	1.0	4.9	1.3	

246	
1.3	5.0	0.9	0.9	0.9	1.0	0.9	1.0	
4.9	1.3	4.3	4.9	0.8	0.8	0.8	0.8	
0.9	1.5	1.3	4.6	5.0	1.0	2.2	1.0	
0.7	4.7	4.9	1.3	4.8	0.8	0.8	0.8	
0.8	1.8	4.7	0.8	1.3	0.9	4.1	0.9	
1.3	1.3	1.3	1.3	1.3	1.3	1.3	1.3	
4.9	0.8	0.8	0.8	0.8	0.8	1.3	0.8	
0.9	0.9	0.9	0.9	0.9	1.0	4.9	1.3	

249	
1.3	4.9	0.9	0.9	0.9	1.0	0.9	1.0	
4.8	1.3	4.3	5.0	0.8	0.8	0.8	0.8	
0.9	1.3	1.3	4.5	4.9	0.9	2.1	0.9	
0.7	4.6	4.9	1.3	4.6	0.8	0.8	0.8	
0.8	1.8	4.7	0.8	1.3	0.9	4.1	0.9	
1.3	1.3	1.3	1.3	1.3	1.3	1.3	1.3	
4.9	0.8	0.8	0.8	0.8	0.8	1.3	0.8	
0.9	0.9	0.9	0.9	0.9	1.0	4.9	1.3	

252	
1.3	4.9	0.9	0.9	0.9	1.0	0.9	1.0	
4.7	1.3	5.0	4.9	0.8	0.8	0.8	0.8	
0.9	1.3	1.3	4.4	5.0	0.9	2.1	0.9	
0.7	4.4	4.7	1.3	4.4	0.8	0.8	0.8	
0.8	2.8	4.5	0.8	1.3	0.9	3.9	0.9	
1.3	1.3	1.3	1.3	1.3	1.3	1.3	1.3	
4.9	0.8	0.8	0.8	0.8	0.8	1.3	0.8	
0.9	0.9	0.9	0.9	0.9	1.0	4.9	1.3	

255	
1.3	4.8	0.9	0.9	0.9	1.0	0.9	1.0	
5.0	1.3	5.0	4.9	0.8	0.8	0.8	0.8	
0.9	1.3	1.3	4.4	5.0	0.9	2.1	0.9	
0.7	4.4	4.7	1.3	4.3	0.8	0.8	0.8	
0.8	2.7	4.5	0.8	1.3	0.9	3.9	0.9	
1.3	1.3	1.3	1.3	1.3	1.3	1.3	1.3	
4.9	0.8	0.8	0.8	0.8	0.8	1.3	0.8	
0.9	0.9	0.9	0.9	0.9	1.0	4.9	1.3	

258	
1.3	4.8	0.9	0.9	0.9	1.0	0.9	1.0	
4.9	1.3	5.0	4.7	0.8	0.8	0.8	0.8	
0.9	1.2	1.3	4.3	5.0	0.9	2.0	0.9	
0.7	4.9	5.0	1.3	4.2	0.8	0.8	0.8	
0.8	2.6	5.0	0.8	1.3	0.9	3.7	0.9	
1.3	1.3	1.3	1.3	1.3	1.3	1.3	1.3	
4.9	0.8	0.8	0.8	0.8	0.8	1.3	0.8	
0.9	0.9	0.9	0.9	0.9	1.0	4.9	1.3	

261	
1.3	4.7	0.9	0.9	0.9	1.0	0.9	1.0	
5.0	1.3	5.0	4.7	0.8	0.8	0.8	0.8	
0.9	1.2	1.3	4.3	5.0	0.9	2.0	0.9	
0.7	4.8	5.0	1.3	4.2	0.8	0.8	0.8	
0.8	2.6	5.0	0.8	1.3	0.9	3.7	0.9	
1.3	1.3	1.3	1.3	1.3	1.3	1.3	1.3	
4.9	0.8	0.8	0.8	0.8	0.8	1.3	0.8	
0.9	0.9	0.9	0.9	0.9	1.0	4.9	1.3	

264	
1.3	4.7	0.9	0.9	0.9	1.0	0.9	1.0	
5.0	1.3	4.9	4.7	0.8	0.8	0.8	0.8	
0.9	1.1	1.3	5.0	4.9	0.9	2.0	0.9	
0.7	4.8	5.0	1.3	4.2	0.8	0.8	0.8	
0.8	2.5	4.9	0.8	1.3	0.9	3.6	0.9	
1.3	1.3	1.3	1.3	1.3	1.3	1.3	1.3	
4.9	0.8	0.8	0.8	0.8	0.8	1.3	0.8	
0.9	0.9	0.9	0.9	0.9	1.0	4.9	1.3	

267	
1.3	4.9	0.9	0.9	0.9	1.0	0.9	1.0	
4.9	1.3	4.8	4.6	0.8	0.8	0.8	0.8	
0.9	1.0	1.3	5.0	5.0	0.9	1.9	0.9	
0.7	4.7	4.9	1.3	4.1	0.8	0.8	0.8	
0.8	2.5	4.8	0.8	1.3	0.9	3.6	0.9	
1.3	1.3	1.3	1.3	1.3	1.3	1.3	1.3	
4.9	0.8	0.8	0.8	0.8	0.8	1.3	0.8	
0.9	0.9	0.9	0.9	0.9	1.0	4.9	1.3	

270	
1.3	5.0	0.9	0.9	0.9	1.0	0.9	1.0	
4.8	1.3	4.7	4.5	0.8	0.8	0.8	0.8	
0.9	0.9	1.3	5.0	5.0	0.9	1.8	0.9	
0.7	4.7	4.8	1.3	4.1	0.8	0.8	0.8	
0.8	2.3	4.6	0.8	1.3	0.9	3.4	0.9	
1.3	1.3	1.3	1.3	1.3	1.3	1.3	1.3	
4.9	0.8	0.8	0.8	0.8	0.8	1.3	0.8	
0.9	0.9	0.9	0.9	0.9	1.0	4.9	1.3	

273	
1.3	4.9	0.9	0.9	0.9	1.0	0.9	1.0	
4.8	1.3	4.6	5.0	0.8	0.8	0.8	0.8	
0.9	0.9	1.3	5.0	5.0	0.9	1.7	0.9	
0.7	4.6	4.7	1.3	5.0	0.8	0.8	0.8	
0.8	2.1	4.4	0.8	1.3	0.9	3.3	0.9	
1.3	1.3	1.3	1.3	1.3	1.3	1.3	1.3	
4.9	0.8	0.8	0.8	0.8	0.8	1.3	0.8	
0.9	0.9	0.9	0.9	0.9	1.0	4.9	1.3	

276	
1.3	4.9	0.9	0.9	0.9	1.0	0.9	1.0	
4.8	1.3	4.5	5.0	0.8	0.8	0.8	0.8	
0.9	0.9	1.3	4.9	4.9	0.9	1.7	0.9	
0.7	4.5	4.6	1.3	4.9	0.8	0.8	0.8	
0.8	2.0	4.3	0.8	1.3	0.9	3.0	0.9	
1.3	1.3	1.3	1.3	1.3	1.3	1.3	1.3	
4.9	0.8	0.8	0.8	0.8	0.8	1.3	0.8	
0.9	0.9	0.9	0.9	0.9	1.0	4.9	1.3	

279	
1.3	4.8	0.9	0.9	0.9	1.0	0.9	1.0	
4.8	1.3	4.5	5.0	0.8	0.8	0.8	0.8	
0.9	0.9	1.3	4.9	5.0	0.9	1.7	0.9	
0.7	4.5	4.5	1.3	4.8	0.8	0.8	0.8	
0.8	1.9	4.1	0.8	1.3	0.9	2.9	0.9	
1.3	1.3	1.3	1.3	1.3	1.3	1.3	1.3	
4.9	0.8	0.8	0.8	0.8	0.8	1.3	0.8	
0.9	0.9	0.9	0.9	0.9	1.0	4.9	1.3	

282	
1.3	4.8	0.9	0.9	0.9	1.0	0.9	1.0	
4.7	1.3	4.5	5.0	0.8	0.8	0.8	0.8	
0.9	0.9	1.3	4.8	5.0	0.9	1.7	0.9	
0.7	4.3	4.4	1.3	4.6	0.8	0.8	0.8	
0.8	2.8	3.9	0.8	1.3	0.9	2.8	0.9	
1.3	1.3	1.3	1.3	1.3	1.3	1.3	1.3	
4.9	0.8	0.8	0.8	0.8	0.8	1.3	0.8	
0.9	0.9	0.9	0.9	0.9	1.0	4.9	1.3	

285	
1.3	4.8	0.9	0.9	0.9	1.0	0.9	1.0	
4.9	1.3	4.5	4.9	0.8	0.8	0.8	0.8	
0.9	0.9	1.3	4.8	5.0	0.9	1.6	0.9	
0.7	4.2	4.3	1.3	4.6	0.8	0.8	0.8	
0.8	2.6	3.7	0.8	1.3	0.9	2.6	0.9	
1.3	1.3	1.3	1.3	1.3	1.3	1.3	1.3	
4.9	0.8	0.8	0.8	0.8	0.8	1.3	0.8	
0.9	0.9	0.9	0.9	0.9	1.0	4.9	1.3	

